# step=150000 weights=raw segs=128 global_n=2048 elapsed=225.5s partial=False
# lt-kv-stdp-fast-weight-v1:research-pairangle_phase_tau2_r2_unrotated_dca1_qkl2_sum; per segment 0+8 blocks (no-grad+grad); train segments=16
# seg acc exact n exact_percent churn
   1 0.725417     53   2048 2.5879 0.000000
   2 0.786054    280   2048 13.6719 0.184787
   3 0.814284    717   2048 35.0098 0.122239
   4 0.835956    925   2048 45.1660 0.098946
   5 0.846234   1061   2048 51.8066 0.085546
   6 0.855005   1141   2048 55.7129 0.077420
   7 0.857934   1186   2048 57.9102 0.071868
   8 0.860978   1213   2048 59.2285 0.068998
   9 0.863926   1235   2048 60.3027 0.066810
  10 0.865572   1250   2048 61.0352 0.067811
  11 0.865686   1262   2048 61.6211 0.065888
  12 0.866802   1268   2048 61.9141 0.062874
  13 0.868399   1276   2048 62.3047 0.064085
  14 0.870618   1285   2048 62.7441 0.063157
  15 0.871100   1295   2048 63.2324 0.060975
  16 0.872450   1300   2048 63.4766 0.061017  <-train
  17 0.873131   1308   2048 63.8672 0.061650
  18 0.873680   1312   2048 64.0625 0.059721
  19 0.874789   1323   2048 64.5996 0.060239
  20 0.875880   1327   2048 64.7949 0.059582
  21 0.876453   1332   2048 65.0391 0.057418
  22 0.878171   1335   2048 65.1855 0.058111
  23 0.878044   1341   2048 65.4785 0.056882
  24 0.878448   1345   2048 65.6738 0.056852
  25 0.878098   1349   2048 65.8691 0.055260
  26 0.877785   1348   2048 65.8203 0.056930
  27 0.879141   1352   2048 66.0156 0.054868
  28 0.879817   1355   2048 66.1621 0.055628
  29 0.879612   1358   2048 66.3086 0.055140
  30 0.880058   1357   2048 66.2598 0.056870
  31 0.881022   1362   2048 66.5039 0.055399
  32 0.881438   1364   2048 66.6016 0.054706
  33 0.882047   1365   2048 66.6504 0.054995
  34 0.881770   1368   2048 66.7969 0.054314
  35 0.881052   1369   2048 66.8457 0.053482
  36 0.881878   1371   2048 66.9434 0.053566
  37 0.881932   1373   2048 67.0410 0.052861
  38 0.882113   1375   2048 67.1387 0.052746
  39 0.883753   1376   2048 67.1875 0.053584
  40 0.883379   1379   2048 67.3340 0.053223
  41 0.883439   1383   2048 67.5293 0.053223
  42 0.883970   1382   2048 67.4805 0.054615
  43 0.883656   1384   2048 67.5781 0.053271
  44 0.883723   1385   2048 67.6270 0.052330
  45 0.883668   1386   2048 67.6758 0.052252
  46 0.884476   1389   2048 67.8223 0.052686
  47 0.884259   1388   2048 67.7734 0.051372
  48 0.884735   1389   2048 67.8223 0.051884
  49 0.884235   1389   2048 67.8223 0.053319
  50 0.885833   1390   2048 67.8711 0.053090
  51 0.885121   1393   2048 68.0176 0.052728
  52 0.885356   1397   2048 68.2129 0.051824
  53 0.885501   1399   2048 68.3105 0.051824
  54 0.886230   1402   2048 68.4570 0.051493
  55 0.886924   1403   2048 68.5059 0.050872
  56 0.886863   1405   2048 68.6035 0.051053
  57 0.886502   1406   2048 68.6523 0.050884
  58 0.886900   1406   2048 68.6523 0.051022
  59 0.887334   1406   2048 68.6523 0.050691
  60 0.887207   1406   2048 68.6523 0.049184
  61 0.887557   1407   2048 68.7012 0.049503
  62 0.887117   1408   2048 68.7500 0.050190
  63 0.887062   1407   2048 68.7012 0.049322
  64 0.887297   1409   2048 68.7988 0.049642
  65 0.886966   1408   2048 68.7500 0.050625
  66 0.887364   1409   2048 68.7988 0.049973
  67 0.887635   1411   2048 68.8965 0.049781
  68 0.888208   1409   2048 68.7988 0.049805
  69 0.888172   1412   2048 68.9453 0.050426
  70 0.887768   1412   2048 68.9453 0.049431
  71 0.887352   1413   2048 68.9941 0.049298
  72 0.888274   1415   2048 69.0918 0.050637
  73 0.887683   1414   2048 69.0430 0.050673
  74 0.887930   1414   2048 69.0430 0.050022
  75 0.887074   1415   2048 69.0918 0.050040
  76 0.887955   1415   2048 69.0918 0.051257
  77 0.887665   1415   2048 69.0918 0.050829
  78 0.888383   1416   2048 69.1406 0.049545
  79 0.888431   1414   2048 69.0430 0.049865
  80 0.888340   1417   2048 69.1895 0.049533
  81 0.888346   1415   2048 69.0918 0.049503
  82 0.888123   1414   2048 69.0430 0.049943
  83 0.888081   1415   2048 69.0918 0.049268
  84 0.887822   1417   2048 69.1895 0.050691
  85 0.889166   1416   2048 69.1406 0.050227
  86 0.888744   1417   2048 69.1895 0.050854
  87 0.889642   1420   2048 69.3359 0.049558
  88 0.889076   1420   2048 69.3359 0.049425
  89 0.888871   1420   2048 69.3359 0.050468
  90 0.889323   1419   2048 69.2871 0.049998
  91 0.889468   1421   2048 69.3848 0.049992
  92 0.888708   1422   2048 69.4336 0.049057
  93 0.889456   1421   2048 69.3848 0.049576
  94 0.890239   1423   2048 69.4824 0.048014
  95 0.888925   1423   2048 69.4824 0.049268
  96 0.889896   1424   2048 69.5312 0.048466
  97 0.890167   1425   2048 69.5801 0.049075
  98 0.890957   1425   2048 69.5801 0.048641
  99 0.889064   1425   2048 69.5801 0.047237
 100 0.889793   1425   2048 69.5801 0.048466
 101 0.890541   1426   2048 69.6289 0.048539
 102 0.890444   1426   2048 69.6289 0.048581
 103 0.889588   1428   2048 69.7266 0.050052
 104 0.890438   1428   2048 69.7266 0.049238
 105 0.891035   1431   2048 69.8730 0.048280
 106 0.890908   1435   2048 70.0684 0.048677
 107 0.891083   1434   2048 70.0195 0.048786
 108 0.890782   1435   2048 70.0684 0.048509
 109 0.891650   1436   2048 70.1172 0.048714
 110 0.891348   1436   2048 70.1172 0.047815
 111 0.891722   1437   2048 70.1660 0.048304
 112 0.890920   1437   2048 70.1660 0.048521
 113 0.891837   1438   2048 70.2148 0.047683
 114 0.892005   1439   2048 70.2637 0.047803
 115 0.892385   1438   2048 70.2148 0.048647
 116 0.891583   1438   2048 70.2148 0.047695
 117 0.892090   1439   2048 70.2637 0.048780
 118 0.892005   1439   2048 70.2637 0.048316
 119 0.890981   1441   2048 70.3613 0.046984
 120 0.891680   1438   2048 70.2148 0.048587
 121 0.890643   1439   2048 70.2637 0.048014
 122 0.891752   1438   2048 70.2148 0.048497
 123 0.891831   1440   2048 70.3125 0.046941
 124 0.892210   1440   2048 70.3125 0.049226
 125 0.892301   1440   2048 70.3125 0.048153
 126 0.892247   1442   2048 70.4102 0.048900
 127 0.892030   1442   2048 70.4102 0.048231
 128 0.893428   1440   2048 70.3125 0.048334

# train: seg16 acc=0.872450 exact=1300/2048 (63.4766%) churn=0.061017
# best_acc [same n=2048]: seg128 acc=0.893428 exact=1440/2048 (70.3125%) churn=0.048334
# best_exact [same n=2048]: seg126 acc=0.892247 exact=1442/2048 (70.4102%) churn=0.048900
# final: seg128 acc=0.893428 exact=1440/2048 (70.3125%) churn=0.048334
# best-train: exact=+142 percentage_points=+6.9336
