# step=100000 weights=raw segs=128 global_n=2048 elapsed=224.0s partial=False
# lt-kv-stdp-fast-weight-v1:research-pairangle_phase_tau2_r2_unrotated_dca1_qkl2_sum; per segment 0+8 blocks (no-grad+grad); train segments=16
# seg acc exact n exact_percent churn
   1 0.699412     53   2048 2.5879 0.000000
   2 0.740192    141   2048 6.8848 0.181333
   3 0.758277    399   2048 19.4824 0.117959
   4 0.766445    546   2048 26.6602 0.092309
   5 0.771478    621   2048 30.3223 0.086106
   6 0.774535    662   2048 32.3242 0.083460
   7 0.776747    689   2048 33.6426 0.080361
   8 0.777621    712   2048 34.7656 0.080705
   9 0.780165    725   2048 35.4004 0.079276
  10 0.781449    737   2048 35.9863 0.078541
  11 0.782016    748   2048 36.5234 0.078668
  12 0.781563    753   2048 36.7676 0.077329
  13 0.783197    762   2048 37.2070 0.077510
  14 0.784879    768   2048 37.5000 0.075726
  15 0.785084    773   2048 37.7441 0.075732
  16 0.784367    775   2048 37.8418 0.076039  <-train
  17 0.785325    777   2048 37.9395 0.076323
  18 0.786036    780   2048 38.0859 0.075840
  19 0.785524    782   2048 38.1836 0.074394
  20 0.786724    785   2048 38.3301 0.076311
  21 0.787700    790   2048 38.5742 0.075183
  22 0.786796    790   2048 38.5742 0.075364
  23 0.785548    791   2048 38.6230 0.075382
  24 0.788405    793   2048 38.7207 0.075720
  25 0.787561    793   2048 38.7207 0.073833
  26 0.787055    793   2048 38.7207 0.075424
  27 0.786416    794   2048 38.7695 0.074315
  28 0.787899    795   2048 38.8184 0.076166
  29 0.788182    797   2048 38.9160 0.075352
  30 0.788574    799   2048 39.0137 0.074695
  31 0.787676    800   2048 39.0625 0.075702
  32 0.788291    801   2048 39.1113 0.073592
  33 0.786880    801   2048 39.1113 0.074623
  34 0.787688    801   2048 39.1113 0.074508
  35 0.788562    801   2048 39.1113 0.073972
  36 0.788532    802   2048 39.1602 0.074635
  37 0.788454    803   2048 39.2090 0.073857
  38 0.788375    803   2048 39.2090 0.073706
  39 0.786410    804   2048 39.2578 0.072862
  40 0.787435    805   2048 39.3066 0.076274
  41 0.787507    805   2048 39.3066 0.074213
  42 0.788610    805   2048 39.3066 0.074044
  43 0.787658    805   2048 39.3066 0.073899
  44 0.788146    806   2048 39.3555 0.073495
  45 0.788098    805   2048 39.3066 0.073248
  46 0.788749    805   2048 39.3066 0.075105
  47 0.789195    806   2048 39.3555 0.074044
  48 0.789177    808   2048 39.4531 0.075286
  49 0.788701    809   2048 39.5020 0.075804
  50 0.788586    809   2048 39.5020 0.073507
  51 0.788659    810   2048 39.5508 0.073857
  52 0.790365    810   2048 39.5508 0.073990
  53 0.789280    811   2048 39.5996 0.074635
  54 0.789267    811   2048 39.5996 0.075087
  55 0.789123    811   2048 39.5996 0.073966
  56 0.788815    813   2048 39.6973 0.074327
  57 0.789888    814   2048 39.7461 0.075153
  58 0.789280    814   2048 39.7461 0.072404
  59 0.790756    814   2048 39.7461 0.073664
  60 0.790503    815   2048 39.7949 0.072887
  61 0.788960    815   2048 39.7949 0.074285
  62 0.789352    816   2048 39.8438 0.074755
  63 0.789689    816   2048 39.8438 0.074466
  64 0.789135    816   2048 39.8438 0.073984
  65 0.789653    817   2048 39.8926 0.072784
  66 0.790238    817   2048 39.8926 0.074098
  67 0.790853    817   2048 39.8926 0.072085
  68 0.790063    817   2048 39.8926 0.073465
  69 0.789539    818   2048 39.9414 0.072718
  70 0.789123    818   2048 39.9414 0.073381
  71 0.789888    818   2048 39.9414 0.073712
  72 0.789955    819   2048 39.9902 0.073598
  73 0.789828    819   2048 39.9902 0.072856
  74 0.790455    820   2048 40.0391 0.072700
  75 0.789780    820   2048 40.0391 0.073724
  76 0.790021    820   2048 40.0391 0.073712
  77 0.791142    821   2048 40.0879 0.072489
  78 0.790214    821   2048 40.0879 0.072290
  79 0.788936    821   2048 40.0879 0.072235
  80 0.790762    822   2048 40.1367 0.072495
  81 0.791341    822   2048 40.1367 0.072507
  82 0.789912    822   2048 40.1367 0.072332
  83 0.791848    822   2048 40.1367 0.072507
  84 0.790256    822   2048 40.1367 0.073393
  85 0.791172    822   2048 40.1367 0.072163
  86 0.790136    823   2048 40.1855 0.073085
  87 0.789973    823   2048 40.1855 0.073706
  88 0.791395    824   2048 40.2344 0.071482
  89 0.791872    826   2048 40.3320 0.073140
  90 0.790919    827   2048 40.3809 0.071910
  91 0.790033    827   2048 40.3809 0.072356
  92 0.791504    827   2048 40.3809 0.072344
  93 0.792209    827   2048 40.3809 0.072181
  94 0.790600    827   2048 40.3809 0.073079
  95 0.791052    828   2048 40.4297 0.072772
  96 0.790774    828   2048 40.4297 0.072320
  97 0.791926    828   2048 40.4297 0.072862
  98 0.791769    828   2048 40.4297 0.072181
  99 0.791992    828   2048 40.4297 0.072772
 100 0.791763    828   2048 40.4297 0.072615
 101 0.791516    828   2048 40.4297 0.072760
 102 0.791142    828   2048 40.4297 0.072621
 103 0.791257    828   2048 40.4297 0.072862
 104 0.791178    828   2048 40.4297 0.072850
 105 0.790811    828   2048 40.4297 0.072513
 106 0.791552    829   2048 40.4785 0.072742
 107 0.791841    829   2048 40.4785 0.072465
 108 0.791263    830   2048 40.5273 0.073321
 109 0.791848    831   2048 40.5762 0.073296
 110 0.791709    831   2048 40.5762 0.073743
 111 0.792203    831   2048 40.5762 0.072537
 112 0.791811    831   2048 40.5762 0.072217
 113 0.793132    832   2048 40.6250 0.072483
 114 0.791848    833   2048 40.6738 0.073146
 115 0.791299    833   2048 40.6738 0.072591
 116 0.791480    833   2048 40.6738 0.072422
 117 0.791576    833   2048 40.6738 0.072055
 118 0.792486    833   2048 40.6738 0.072459
 119 0.792872    833   2048 40.6738 0.072772
 120 0.792095    833   2048 40.6738 0.071832
 121 0.790931    833   2048 40.6738 0.072296
 122 0.791317    833   2048 40.6738 0.071964
 123 0.793529    833   2048 40.6738 0.071928
 124 0.790925    833   2048 40.6738 0.072000
 125 0.791172    833   2048 40.6738 0.072790
 126 0.791365    833   2048 40.6738 0.072308
 127 0.792728    833   2048 40.6738 0.071584
 128 0.792330    833   2048 40.6738 0.071512

# train: seg16 acc=0.784367 exact=775/2048 (37.8418%) churn=0.076039
# best_acc [same n=2048]: seg123 acc=0.793529 exact=833/2048 (40.6738%) churn=0.071928
# best_exact [same n=2048]: seg114 acc=0.791848 exact=833/2048 (40.6738%) churn=0.073146
# final: seg128 acc=0.792330 exact=833/2048 (40.6738%) churn=0.071512
# best-train: exact=+58 percentage_points=+2.8320
