# step=61150 weights=raw segs=128 global_n=512 elapsed=56.5s partial=False
# lt-kv-stdp-fast-weight-v1:research-pairangle_phase_tau2_r2_unrotated_dca1_qkl2_sum; per segment 0+8 blocks (no-grad+grad); train segments=16
# seg acc exact n exact_percent churn
   1 0.700183     13    512 2.5391 0.000000
   2 0.754461     50    512 9.7656 0.204451
   3 0.781901    143    512 27.9297 0.133198
   4 0.794006    196    512 38.2812 0.108796
   5 0.801987    213    512 41.6016 0.100936
   6 0.808280    229    512 44.7266 0.098958
   7 0.811511    241    512 47.0703 0.091749
   8 0.814236    247    512 48.2422 0.089313
   9 0.818914    251    512 49.0234 0.088976
  10 0.819469    255    512 49.8047 0.086564
  11 0.820385    259    512 50.5859 0.085262
  12 0.823761    263    512 51.3672 0.083526
  13 0.825979    264    512 51.5625 0.081380
  14 0.824532    265    512 51.7578 0.084250
  15 0.821904    266    512 51.9531 0.082031
  16 0.824556    267    512 52.1484 0.083960  <-train
  17 0.822676    269    512 52.5391 0.082827
  18 0.824918    271    512 52.9297 0.081549
  19 0.827281    272    512 53.1250 0.079861
  20 0.826100    274    512 53.5156 0.080874
  21 0.829958    274    512 53.5156 0.078776
  22 0.827739    274    512 53.5156 0.077378
  23 0.828752    276    512 53.9062 0.077836
  24 0.828487    277    512 54.1016 0.075328
  25 0.830464    279    512 54.4922 0.075979
  26 0.831718    281    512 54.8828 0.076992
  27 0.833309    281    512 54.8828 0.076558
  28 0.830343    282    512 55.0781 0.077522
  29 0.832996    284    512 55.4688 0.078197
  30 0.833864    285    512 55.6641 0.073134
  31 0.833165    285    512 55.6641 0.074990
  32 0.835552    286    512 55.8594 0.075039
  33 0.834539    287    512 56.0547 0.073230
  34 0.834877    288    512 56.2500 0.077112
  35 0.838686    289    512 56.4453 0.073351
  36 0.837215    289    512 56.4453 0.071494
  37 0.836733    290    512 56.6406 0.073857
  38 0.835045    291    512 56.8359 0.076461
  39 0.836106    291    512 56.8359 0.071108
  40 0.838325    291    512 56.8359 0.069903
  41 0.834828    292    512 57.0312 0.072820
  42 0.835311    292    512 57.0312 0.074195
  43 0.835769    292    512 57.0312 0.074846
  44 0.838035    292    512 57.0312 0.071976
  45 0.834756    292    512 57.0312 0.071373
  46 0.836733    292    512 57.0312 0.077016
  47 0.837939    292    512 57.0312 0.072434
  48 0.838397    292    512 57.0312 0.072386
  49 0.836613    292    512 57.0312 0.072579
  50 0.836058    292    512 57.0312 0.076100
  51 0.835817    292    512 57.0312 0.074605
  52 0.836203    292    512 57.0312 0.070819
  53 0.837215    293    512 57.2266 0.071783
  54 0.836082    294    512 57.4219 0.071880
  55 0.839024    294    512 57.4219 0.072073
  56 0.839386    295    512 57.6172 0.072459
  57 0.839771    295    512 57.6172 0.070433
  58 0.838542    295    512 57.6172 0.072483
  59 0.836661    295    512 57.6172 0.070023
  60 0.839144    296    512 57.8125 0.070385
  61 0.838903    295    512 57.6172 0.071904
  62 0.837240    295    512 57.6172 0.072338
  63 0.840591    296    512 57.8125 0.072820
  64 0.839289    297    512 58.0078 0.070915
  65 0.838903    297    512 58.0078 0.071807
  66 0.837553    297    512 58.0078 0.070361
  67 0.840302    297    512 58.0078 0.071398
  68 0.839217    297    512 58.0078 0.072651
  69 0.839530    297    512 58.0078 0.073254
  70 0.839241    297    512 58.0078 0.073158
  71 0.839361    297    512 58.0078 0.069782
  72 0.839675    297    512 58.0078 0.069444
  73 0.840639    297    512 58.0078 0.070939
  74 0.839940    297    512 58.0078 0.071084
  75 0.840181    297    512 58.0078 0.072169
  76 0.837891    297    512 58.0078 0.073616
  77 0.837505    297    512 58.0078 0.072844
  78 0.843292    297    512 58.0078 0.071590
  79 0.840085    298    512 58.2031 0.072627
  80 0.839627    298    512 58.2031 0.071590
  81 0.838493    298    512 58.2031 0.071422
  82 0.839458    298    512 58.2031 0.072266
  83 0.840567    298    512 58.2031 0.072820
  84 0.840808    298    512 58.2031 0.070312
  85 0.838445    298    512 58.2031 0.072627
  86 0.839482    298    512 58.2031 0.067949
  87 0.841580    298    512 58.2031 0.070795
  88 0.841411    298    512 58.2031 0.070674
  89 0.838927    298    512 58.2031 0.071446
  90 0.841942    299    512 58.3984 0.070505
  91 0.840037    299    512 58.3984 0.070409
  92 0.840712    299    512 58.3984 0.070843
  93 0.841098    299    512 58.3984 0.072121
  94 0.841073    300    512 58.5938 0.068866
  95 0.840905    300    512 58.5938 0.071132
  96 0.841122    300    512 58.5938 0.069372
  97 0.843871    301    512 58.7891 0.073302
  98 0.842617    301    512 58.7891 0.070264
  99 0.843629    301    512 58.7891 0.068335
 100 0.839579    301    512 58.7891 0.073471
 101 0.839940    301    512 58.7891 0.070602
 102 0.842568    301    512 58.7891 0.068818
 103 0.841073    301    512 58.7891 0.067491
 104 0.840591    301    512 58.7891 0.069083
 105 0.840471    301    512 58.7891 0.067974
 106 0.841773    301    512 58.7891 0.069541
 107 0.841122    301    512 58.7891 0.069396
 108 0.840591    301    512 58.7891 0.069083
 109 0.843244    301    512 58.7891 0.071229
 110 0.840639    301    512 58.7891 0.069059
 111 0.844088    301    512 58.7891 0.067853
 112 0.841604    301    512 58.7891 0.069010
 113 0.840519    301    512 58.7891 0.073134
 114 0.843726    301    512 58.7891 0.072169
 115 0.841628    301    512 58.7891 0.069035
 116 0.840157    301    512 58.7891 0.070264
 117 0.843846    301    512 58.7891 0.068456
 118 0.843244    302    512 58.9844 0.069010
 119 0.846571    302    512 58.9844 0.071373
 120 0.843943    303    512 59.1797 0.068818
 121 0.842834    303    512 59.1797 0.068142
 122 0.844739    303    512 59.1797 0.067250
 123 0.841942    303    512 59.1797 0.067202
 124 0.843605    304    512 59.3750 0.065803
 125 0.844546    304    512 59.3750 0.068625
 126 0.841990    304    512 59.3750 0.066069
 127 0.844377    304    512 59.3750 0.066840
 128 0.842761    304    512 59.3750 0.067057

# train: seg16 acc=0.824556 exact=267/512 (52.1484%) churn=0.083960
# best_acc [same n=512]: seg119 acc=0.846571 exact=302/512 (58.9844%) churn=0.071373
# best_exact [same n=512]: seg124 acc=0.843605 exact=304/512 (59.3750%) churn=0.065803
# final: seg128 acc=0.842761 exact=304/512 (59.3750%) churn=0.067057
# best-train: exact=+37 percentage_points=+7.2266
