# step=100000 weights=raw segs=128 global_n=512 elapsed=55.8s partial=False
# lt-kv-stdp-fast-weight-v1:research-pairangle_phase_tau2_r2_unrotated_dca1_qkl2_sum; per segment 0+8 blocks (no-grad+grad); train segments=16
# seg acc exact n exact_percent churn
   1 0.689718     13    512 2.5391 0.000000
   2 0.729866     35    512 6.8359 0.182677
   3 0.745346     95    512 18.5547 0.114125
   4 0.753713    129    512 25.1953 0.090326
   5 0.759452    150    512 29.2969 0.085455
   6 0.762731    161    512 31.4453 0.080609
   7 0.764130    168    512 32.8125 0.081694
   8 0.765601    173    512 33.7891 0.080199
   9 0.769772    175    512 34.1797 0.077956
  10 0.771508    177    512 34.5703 0.080777
  11 0.769893    180    512 35.1562 0.078438
  12 0.768036    181    512 35.3516 0.077329
  13 0.773896    182    512 35.5469 0.079813
  14 0.773341    183    512 35.7422 0.077546
  15 0.771701    185    512 36.1328 0.078294
  16 0.774402    185    512 36.1328 0.079355  <-train
  17 0.772401    186    512 36.3281 0.078921
  18 0.771436    188    512 36.7188 0.078294
  19 0.776114    189    512 36.9141 0.077426
  20 0.777199    189    512 36.9141 0.080729
  21 0.777368    192    512 37.5000 0.077522
  22 0.775077    192    512 37.5000 0.075593
  23 0.773823    192    512 37.5000 0.079138
  24 0.776958    193    512 37.6953 0.078342
  25 0.776355    193    512 37.6953 0.072314
  26 0.774619    193    512 37.6953 0.076871
  27 0.776452    193    512 37.6953 0.073688
  28 0.776524    193    512 37.6953 0.075039
  29 0.777199    193    512 37.6953 0.075714
  30 0.776524    193    512 37.6953 0.076534
  31 0.777440    194    512 37.8906 0.079668
  32 0.777175    195    512 38.0859 0.075810
  33 0.773823    195    512 38.0859 0.077257
  34 0.778284    195    512 38.0859 0.077474
  35 0.777657    195    512 38.0859 0.076919
  36 0.774691    195    512 38.0859 0.075039
  37 0.776114    195    512 38.0859 0.076943
  38 0.777850    195    512 38.0859 0.076317
  39 0.776307    195    512 38.0859 0.074339
  40 0.776235    195    512 38.0859 0.076871
  41 0.775921    195    512 38.0859 0.076365
  42 0.777537    195    512 38.0859 0.075473
  43 0.776162    195    512 38.0859 0.075207
  44 0.777754    196    512 38.2812 0.073954
  45 0.778115    195    512 38.0859 0.073375
  46 0.778091    195    512 38.0859 0.077667
  47 0.777513    196    512 38.2812 0.073399
  48 0.777561    197    512 38.4766 0.079524
  49 0.778863    197    512 38.4766 0.075304
  50 0.776861    197    512 38.4766 0.075280
  51 0.777995    197    512 38.4766 0.074653
  52 0.778911    197    512 38.4766 0.076509
  53 0.777440    197    512 38.4766 0.074990
  54 0.778139    197    512 38.4766 0.076968
  55 0.779659    197    512 38.4766 0.078438
  56 0.777296    197    512 38.4766 0.076413
  57 0.777778    197    512 38.4766 0.077233
  58 0.778863    197    512 38.4766 0.074749
  59 0.777947    197    512 38.4766 0.074870
  60 0.779755    197    512 38.4766 0.075111
  61 0.778091    197    512 38.4766 0.077185
  62 0.778043    198    512 38.6719 0.074122
  63 0.781925    198    512 38.6719 0.074894
  64 0.777922    198    512 38.6719 0.075135
  65 0.778525    198    512 38.6719 0.076968
  66 0.778453    198    512 38.6719 0.076172
  67 0.779200    198    512 38.6719 0.073351
  68 0.780575    198    512 38.6719 0.072121
  69 0.777922    198    512 38.6719 0.072555
  70 0.778212    198    512 38.6719 0.077353
  71 0.778959    198    512 38.6719 0.075183
  72 0.779200    198    512 38.6719 0.076799
  73 0.778043    198    512 38.6719 0.074918
  74 0.779345    198    512 38.6719 0.074460
  75 0.778598    198    512 38.6719 0.073568
  76 0.778067    198    512 38.6719 0.071832
  77 0.779466    198    512 38.6719 0.073278
  78 0.778670    198    512 38.6719 0.074267
  79 0.778164    198    512 38.6719 0.074508
  80 0.778091    199    512 38.8672 0.070578
  81 0.777151    199    512 38.8672 0.074460
  82 0.780551    199    512 38.8672 0.075207
  83 0.779851    199    512 38.8672 0.074918
  84 0.778139    199    512 38.8672 0.076244
  85 0.777922    199    512 38.8672 0.077812
  86 0.776837    200    512 39.0625 0.075641
  87 0.778332    200    512 39.0625 0.075207
  88 0.781443    200    512 39.0625 0.073351
  89 0.778887    200    512 39.0625 0.075256
  90 0.778694    200    512 39.0625 0.075955
  91 0.777079    200    512 39.0625 0.074870
  92 0.780358    200    512 39.0625 0.076220
  93 0.782094    200    512 39.0625 0.072386
  94 0.778188    200    512 39.0625 0.073761
  95 0.779731    201    512 39.2578 0.072844
  96 0.779514    201    512 39.2578 0.074291
  97 0.779490    201    512 39.2578 0.073954
  98 0.781612    201    512 39.2578 0.075328
  99 0.780888    201    512 39.2578 0.076148
 100 0.779803    201    512 39.2578 0.073712
 101 0.778887    201    512 39.2578 0.075931
 102 0.780503    201    512 39.2578 0.073037
 103 0.780454    201    512 39.2578 0.073929
 104 0.779032    201    512 39.2578 0.072965
 105 0.777537    201    512 39.2578 0.072603
 106 0.779369    202    512 39.4531 0.075955
 107 0.781371    202    512 39.4531 0.073134
 108 0.779345    202    512 39.4531 0.077932
 109 0.781226    202    512 39.4531 0.077329
 110 0.780237    202    512 39.4531 0.076485
 111 0.782239    202    512 39.4531 0.073471
 112 0.782263    202    512 39.4531 0.072169
 113 0.781443    203    512 39.6484 0.073881
 114 0.779948    203    512 39.6484 0.072676
 115 0.780310    203    512 39.6484 0.076003
 116 0.780358    203    512 39.6484 0.073230
 117 0.779128    203    512 39.6484 0.073688
 118 0.782817    203    512 39.6484 0.074412
 119 0.782432    203    512 39.6484 0.072073
 120 0.780840    203    512 39.6484 0.072145
 121 0.778139    203    512 39.6484 0.073881
 122 0.779442    203    512 39.6484 0.074677
 123 0.782841    203    512 39.6484 0.074749
 124 0.782022    203    512 39.6484 0.073110
 125 0.779586    203    512 39.6484 0.072772
 126 0.778043    203    512 39.6484 0.072603
 127 0.783420    203    512 39.6484 0.071976
 128 0.782022    203    512 39.6484 0.072169

# train: seg16 acc=0.774402 exact=185/512 (36.1328%) churn=0.079355
# best_acc [same n=512]: seg127 acc=0.783420 exact=203/512 (39.6484%) churn=0.071976
# best_exact [same n=512]: seg113 acc=0.781443 exact=203/512 (39.6484%) churn=0.073881
# final: seg128 acc=0.782022 exact=203/512 (39.6484%) churn=0.072169
# best-train: exact=+18 percentage_points=+3.5156
