# step=61150 weights=raw segs=128 global_n=512 elapsed=56.2s partial=False
# lt-kv-stdp-fast-weight-v1:research-pairangle_phase_tau2_r2_unrotated_dca1_qkl2_sum; per segment 0+8 blocks (no-grad+grad); train segments=16
# seg acc exact n exact_percent churn
   1 0.679229     13    512 2.5391 0.000000
   2 0.714675     40    512 7.8125 0.196518
   3 0.735966     92    512 17.9688 0.134404
   4 0.743297    131    512 25.5859 0.107277
   5 0.752387    144    512 28.1250 0.105107
   6 0.751881    162    512 31.6406 0.102406
   7 0.755642    168    512 32.8125 0.096282
   8 0.755377    171    512 33.3984 0.092810
   9 0.759669    176    512 34.3750 0.094136
  10 0.758873    178    512 34.7656 0.093195
  11 0.756293    180    512 35.1562 0.091411
  12 0.761044    182    512 35.5469 0.094112
  13 0.762153    186    512 36.3281 0.088276
  14 0.764419    187    512 36.5234 0.089482
  15 0.768567    187    512 36.5234 0.092761
  16 0.763768    189    512 36.9141 0.090013  <-train
  17 0.763286    190    512 37.1094 0.087915
  18 0.764154    190    512 37.1094 0.087770
  19 0.763792    192    512 37.5000 0.086854
  20 0.765480    192    512 37.5000 0.086806
  21 0.768663    193    512 37.6953 0.090109
  22 0.768109    193    512 37.6953 0.089603
  23 0.768904    194    512 37.8906 0.090422
  24 0.769965    196    512 38.2812 0.090109
  25 0.768663    198    512 38.6719 0.085986
  26 0.771099    199    512 38.8672 0.087191
  27 0.770351    199    512 38.8672 0.087794
  28 0.772377    200    512 39.0625 0.087336
  29 0.771147    201    512 39.2578 0.084250
  30 0.769049    201    512 39.2578 0.087432
  31 0.770640    201    512 39.2578 0.085889
  32 0.770182    201    512 39.2578 0.086420
  33 0.769676    202    512 39.4531 0.089554
  34 0.773196    203    512 39.6484 0.086589
  35 0.770882    203    512 39.6484 0.084008
  36 0.772690    204    512 39.8438 0.084467
  37 0.773172    204    512 39.8438 0.086444
  38 0.771557    204    512 39.8438 0.086082
  39 0.774016    205    512 40.0391 0.086058
  40 0.771291    205    512 40.0391 0.087794
  41 0.771943    206    512 40.2344 0.086179
  42 0.774740    206    512 40.2344 0.083406
  43 0.773944    206    512 40.2344 0.087312
  44 0.772690    206    512 40.2344 0.085913
  45 0.771726    206    512 40.2344 0.085286
  46 0.774064    206    512 40.2344 0.082972
  47 0.774957    206    512 40.2344 0.085552
  48 0.768663    206    512 40.2344 0.084563
  49 0.770423    206    512 40.2344 0.085696
  50 0.773655    206    512 40.2344 0.084250
  51 0.772642    206    512 40.2344 0.084443
  52 0.773510    206    512 40.2344 0.085938
  53 0.774740    206    512 40.2344 0.085479
  54 0.773052    206    512 40.2344 0.086540
  55 0.773052    209    512 40.8203 0.086564
  56 0.774691    209    512 40.8203 0.086155
  57 0.776500    209    512 40.8203 0.085962
  58 0.774691    209    512 40.8203 0.081163
  59 0.773413    209    512 40.8203 0.085503
  60 0.774619    209    512 40.8203 0.081766
  61 0.773389    209    512 40.8203 0.083454
  62 0.773968    209    512 40.8203 0.081742
  63 0.773823    209    512 40.8203 0.084515
  64 0.772401    209    512 40.8203 0.085094
  65 0.773775    209    512 40.8203 0.083237
  66 0.773558    209    512 40.8203 0.086516
  67 0.775439    210    512 41.0156 0.083888
  68 0.777030    210    512 41.0156 0.083285
  69 0.775752    210    512 41.0156 0.082321
  70 0.777971    210    512 41.0156 0.082514
  71 0.776717    210    512 41.0156 0.082779
  72 0.776837    210    512 41.0156 0.081477
  73 0.776958    211    512 41.2109 0.083020
  74 0.776042    211    512 41.2109 0.082923
  75 0.775439    211    512 41.2109 0.085455
  76 0.777296    212    512 41.4062 0.082562
  77 0.776572    212    512 41.4062 0.084322
  78 0.777874    212    512 41.4062 0.084756
  79 0.777296    212    512 41.4062 0.084660
  80 0.778525    212    512 41.4062 0.082658
  81 0.778284    212    512 41.4062 0.084105
  82 0.777561    213    512 41.6016 0.083647
  83 0.777079    213    512 41.6016 0.084129
  84 0.776500    213    512 41.6016 0.083840
  85 0.778549    213    512 41.6016 0.081260
  86 0.777344    213    512 41.6016 0.081549
  87 0.778188    213    512 41.6016 0.081838
  88 0.775511    213    512 41.6016 0.081477
  89 0.777464    213    512 41.6016 0.083189
  90 0.778019    213    512 41.6016 0.084153
  91 0.777971    213    512 41.6016 0.078101
  92 0.776886    213    512 41.6016 0.080367
  93 0.779948    214    512 41.7969 0.086854
  94 0.778863    214    512 41.7969 0.086010
  95 0.779538    214    512 41.7969 0.081284
  96 0.776910    214    512 41.7969 0.082731
  97 0.778525    214    512 41.7969 0.081428
  98 0.777947    214    512 41.7969 0.082779
  99 0.778791    214    512 41.7969 0.081477
 100 0.778260    215    512 41.9922 0.078704
 101 0.776644    215    512 41.9922 0.078463
 102 0.777488    215    512 41.9922 0.083550
 103 0.778356    215    512 41.9922 0.083261
 104 0.777633    215    512 41.9922 0.080295
 105 0.777730    215    512 41.9922 0.082152
 106 0.777103    215    512 41.9922 0.082658
 107 0.778935    216    512 42.1875 0.081163
 108 0.778887    216    512 42.1875 0.080850
 109 0.777874    216    512 42.1875 0.079620
 110 0.779803    216    512 42.1875 0.079379
 111 0.779562    216    512 42.1875 0.080946
 112 0.779948    216    512 42.1875 0.080898
 113 0.779273    216    512 42.1875 0.081067
 114 0.779321    216    512 42.1875 0.082634
 115 0.779321    216    512 42.1875 0.081862
 116 0.778646    216    512 42.1875 0.081549
 117 0.779707    216    512 42.1875 0.080102
 118 0.779683    216    512 42.1875 0.080584
 119 0.776910    216    512 42.1875 0.081428
 120 0.777971    216    512 42.1875 0.078728
 121 0.778091    216    512 42.1875 0.081573
 122 0.779707    216    512 42.1875 0.079234
 123 0.782022    216    512 42.1875 0.078728
 124 0.778429    216    512 42.1875 0.079041
 125 0.779273    216    512 42.1875 0.080584
 126 0.780141    217    512 42.3828 0.078655
 127 0.779538    217    512 42.3828 0.081139
 128 0.778188    217    512 42.3828 0.078704

# train: seg16 acc=0.763768 exact=189/512 (36.9141%) churn=0.090013
# best_acc [same n=512]: seg123 acc=0.782022 exact=216/512 (42.1875%) churn=0.078728
# best_exact [same n=512]: seg126 acc=0.780141 exact=217/512 (42.3828%) churn=0.078655
# final: seg128 acc=0.778188 exact=217/512 (42.3828%) churn=0.078704
# best-train: exact=+28 percentage_points=+5.4688
