# step=61150 weights=raw segs=128 global_n=2048 elapsed=223.4s partial=False
# lt-kv-stdp-fast-weight-v1:research-pairangle_phase_tau2_r2_unrotated_dca1_qkl2_sum; per segment 0+8 blocks (no-grad+grad); train segments=16
# seg acc exact n exact_percent churn
   1 0.687199     52   2048 2.5391 0.000000
   2 0.729088    152   2048 7.4219 0.198845
   3 0.749204    389   2048 18.9941 0.132493
   4 0.760049    549   2048 26.8066 0.107976
   5 0.768247    635   2048 31.0059 0.101345
   6 0.768681    688   2048 33.5938 0.094871
   7 0.772358    719   2048 35.1074 0.093461
   8 0.773787    738   2048 36.0352 0.090507
   9 0.776108    759   2048 37.0605 0.089789
  10 0.776235    773   2048 37.7441 0.088252
  11 0.777115    782   2048 38.1836 0.087505
  12 0.778127    791   2048 38.6230 0.087475
  13 0.779701    804   2048 39.2578 0.086528
  14 0.779888    811   2048 39.5996 0.084364
  15 0.781636    813   2048 39.6973 0.085793
  16 0.781732    819   2048 39.9902 0.083972  <-train
  17 0.780852    821   2048 40.0879 0.085063
  18 0.781588    826   2048 40.3320 0.084720
  19 0.782070    831   2048 40.5762 0.083743
  20 0.782016    833   2048 40.6738 0.084654
  21 0.784312    836   2048 40.8203 0.083804
  22 0.783077    838   2048 40.9180 0.083828
  23 0.785283    841   2048 41.0645 0.084376
  24 0.786476    845   2048 41.2598 0.083032
  25 0.785940    853   2048 41.6504 0.081893
  26 0.786452    855   2048 41.7480 0.082411
  27 0.787176    856   2048 41.7969 0.083014
  28 0.787555    859   2048 41.9434 0.082664
  29 0.785500    862   2048 42.0898 0.081368
  30 0.787152    862   2048 42.0898 0.082357
  31 0.785819    862   2048 42.0898 0.082477
  32 0.787646    863   2048 42.1387 0.082399
  33 0.787429    866   2048 42.2852 0.082718
  34 0.788628    869   2048 42.4316 0.081694
  35 0.787561    871   2048 42.5293 0.080964
  36 0.787983    873   2048 42.6270 0.079849
  37 0.789448    873   2048 42.6270 0.081236
  38 0.788122    875   2048 42.7246 0.080597
  39 0.789032    876   2048 42.7734 0.080482
  40 0.788785    878   2048 42.8711 0.080428
  41 0.787694    879   2048 42.9199 0.079994
  42 0.790105    879   2048 42.9199 0.080156
  43 0.789436    881   2048 43.0176 0.080771
  44 0.788743    881   2048 43.0176 0.079704
  45 0.788586    881   2048 43.0176 0.081712
  46 0.789545    884   2048 43.1641 0.079704
  47 0.789804    884   2048 43.1641 0.081501
  48 0.788918    884   2048 43.1641 0.080729
  49 0.787646    884   2048 43.1641 0.081525
  50 0.790063    884   2048 43.1641 0.079560
  51 0.789183    884   2048 43.1641 0.078915
  52 0.788182    884   2048 43.1641 0.078655
  53 0.790823    884   2048 43.1641 0.079047
  54 0.789816    885   2048 43.2129 0.081031
  55 0.788888    889   2048 43.4082 0.078957
  56 0.789852    890   2048 43.4570 0.079873
  57 0.790630    891   2048 43.5059 0.080609
  58 0.790726    891   2048 43.5059 0.077052
  59 0.788779    891   2048 43.5059 0.079632
  60 0.790467    891   2048 43.5059 0.078903
  61 0.790750    891   2048 43.5059 0.079499
  62 0.789605    892   2048 43.5547 0.077215
  63 0.790437    892   2048 43.5547 0.079307
  64 0.790148    892   2048 43.5547 0.079204
  65 0.790304    892   2048 43.5547 0.079011
  66 0.789575    892   2048 43.5547 0.079958
  67 0.791293    893   2048 43.6035 0.079343
  68 0.790105    893   2048 43.6035 0.078276
  69 0.790829    893   2048 43.6035 0.078300
  70 0.790401    893   2048 43.6035 0.078029
  71 0.790479    893   2048 43.6035 0.078149
  72 0.790443    893   2048 43.6035 0.078475
  73 0.791781    894   2048 43.6523 0.077709
  74 0.790509    895   2048 43.7012 0.078945
  75 0.790805    896   2048 43.7500 0.080428
  76 0.790467    897   2048 43.7988 0.077781
  77 0.790377    897   2048 43.7988 0.079397
  78 0.791594    897   2048 43.7988 0.079397
  79 0.791884    897   2048 43.7988 0.079319
  80 0.791757    898   2048 43.8477 0.079313
  81 0.791624    899   2048 43.8965 0.077818
  82 0.792004    900   2048 43.9453 0.078812
  83 0.791498    900   2048 43.9453 0.079650
  84 0.791233    900   2048 43.9453 0.078246
  85 0.791558    900   2048 43.9453 0.078276
  86 0.790961    901   2048 43.9941 0.078125
  87 0.792077    901   2048 43.9941 0.077510
  88 0.791040    901   2048 43.9941 0.077751
  89 0.792179    902   2048 44.0430 0.078294
  90 0.792089    902   2048 44.0430 0.078842
  91 0.792462    902   2048 44.0430 0.077763
  92 0.791829    903   2048 44.0918 0.078185
  93 0.792257    904   2048 44.1406 0.079355
  94 0.792577    904   2048 44.1406 0.078318
  95 0.793632    904   2048 44.1406 0.077480
  96 0.792227    904   2048 44.1406 0.077998
  97 0.792444    904   2048 44.1406 0.076956
  98 0.792414    904   2048 44.1406 0.078071
  99 0.791600    904   2048 44.1406 0.077673
 100 0.792589    905   2048 44.1895 0.077619
 101 0.792456    905   2048 44.1895 0.077510
 102 0.791426    906   2048 44.2383 0.078674
 103 0.792553    906   2048 44.2383 0.077504
 104 0.791341    906   2048 44.2383 0.076515
 105 0.791835    906   2048 44.2383 0.077106
 106 0.791522    907   2048 44.2871 0.077824
 107 0.792957    908   2048 44.3359 0.076323
 108 0.792263    908   2048 44.3359 0.077480
 109 0.792728    908   2048 44.3359 0.077251
 110 0.793210    909   2048 44.3848 0.077100
 111 0.792420    909   2048 44.3848 0.078282
 112 0.793312    909   2048 44.3848 0.077920
 113 0.792704    909   2048 44.3848 0.077504
 114 0.792384    910   2048 44.4336 0.078276
 115 0.792523    910   2048 44.4336 0.078023
 116 0.793596    910   2048 44.4336 0.077914
 117 0.793005    910   2048 44.4336 0.076419
 118 0.793065    910   2048 44.4336 0.076853
 119 0.792046    910   2048 44.4336 0.076883
 120 0.791673    910   2048 44.4336 0.076491
 121 0.792384    910   2048 44.4336 0.078264
 122 0.793493    910   2048 44.4336 0.076606
 123 0.794000    910   2048 44.4336 0.077167
 124 0.792957    910   2048 44.4336 0.077426
 125 0.793095    910   2048 44.4336 0.078378
 126 0.793306    911   2048 44.4824 0.076793
 127 0.792227    911   2048 44.4824 0.076907
 128 0.793578    911   2048 44.4824 0.077968

# train: seg16 acc=0.781732 exact=819/2048 (39.9902%) churn=0.083972
# best_acc [same n=2048]: seg123 acc=0.794000 exact=910/2048 (44.4336%) churn=0.077167
# best_exact [same n=2048]: seg126 acc=0.793306 exact=911/2048 (44.4824%) churn=0.076793
# final: seg128 acc=0.793578 exact=911/2048 (44.4824%) churn=0.077968
# best-train: exact=+92 percentage_points=+4.4922
