# step=150000 weights=raw segs=128 global_n=2048 elapsed=231.1s partial=False
# lt-kv-stdp-fast-weight-v1:research-pairangle_phase_tau2_r2_unrotated_dca1_qkl2_sum; per segment 0+8 blocks (no-grad+grad); train segments=16
# seg acc exact n exact_percent churn
   1 0.700943     53   2048 2.5879 0.000000
   2 0.742947    168   2048 8.2031 0.184534
   3 0.770592    432   2048 21.0938 0.123077
   4 0.785614    636   2048 31.0547 0.093696
   5 0.795157    761   2048 37.1582 0.080416
   6 0.800745    825   2048 40.2832 0.074918
   7 0.804006    876   2048 42.7734 0.072856
   8 0.805531    903   2048 44.0918 0.068166
   9 0.807026    915   2048 44.6777 0.067280
  10 0.809757    930   2048 45.4102 0.067347
  11 0.808485    939   2048 45.8496 0.064586
  12 0.811144    951   2048 46.4355 0.066454
  13 0.813223    962   2048 46.9727 0.064978
  14 0.813254    973   2048 47.5098 0.063223
  15 0.812783    977   2048 47.7051 0.063947
  16 0.814718    982   2048 47.9492 0.063187  <-train
  17 0.814375    987   2048 48.1934 0.061994
  18 0.815183    990   2048 48.3398 0.061656
  19 0.815852    998   2048 48.7305 0.062090
  20 0.816111   1003   2048 48.9746 0.061638
  21 0.816635   1006   2048 49.1211 0.061011
  22 0.816557   1010   2048 49.3164 0.059697
  23 0.818588   1015   2048 49.5605 0.060511
  24 0.818818   1021   2048 49.8535 0.060420
  25 0.818709   1028   2048 50.1953 0.059998
  26 0.819734   1033   2048 50.4395 0.058479
  27 0.820536   1035   2048 50.5371 0.058889
  28 0.820108   1036   2048 50.5859 0.058377
  29 0.819463   1037   2048 50.6348 0.057617
  30 0.819885   1039   2048 50.7324 0.056936
  31 0.821572   1041   2048 50.8301 0.057907
  32 0.820777   1043   2048 50.9277 0.057201
  33 0.821108   1045   2048 51.0254 0.057448
  34 0.821964   1049   2048 51.2207 0.057002
  35 0.823405   1052   2048 51.3672 0.058347
  36 0.822742   1053   2048 51.4160 0.056273
  37 0.822127   1056   2048 51.5625 0.056496
  38 0.822471   1058   2048 51.6602 0.056749
  39 0.823104   1060   2048 51.7578 0.057491
  40 0.823152   1061   2048 51.8066 0.056158
  41 0.823658   1062   2048 51.8555 0.055519
  42 0.822742   1062   2048 51.8555 0.055242
  43 0.822501   1062   2048 51.8555 0.056502
  44 0.824430   1063   2048 51.9043 0.056086
  45 0.823417   1064   2048 51.9531 0.057069
  46 0.823586   1065   2048 52.0020 0.056840
  47 0.823393   1065   2048 52.0020 0.056906
  48 0.824954   1066   2048 52.0508 0.056074
  49 0.824345   1066   2048 52.0508 0.055357
  50 0.823327   1068   2048 52.1484 0.055682
  51 0.824888   1068   2048 52.1484 0.055351
  52 0.824948   1069   2048 52.1973 0.055851
  53 0.824363   1070   2048 52.2461 0.056882
  54 0.824942   1071   2048 52.2949 0.056406
  55 0.824291   1071   2048 52.2949 0.057268
  56 0.824846   1073   2048 52.3926 0.058232
  57 0.824267   1073   2048 52.3926 0.056683
  58 0.824677   1073   2048 52.3926 0.056357
  59 0.823996   1074   2048 52.4414 0.056032
  60 0.824472   1074   2048 52.4414 0.055339
  61 0.825864   1075   2048 52.4902 0.055706
  62 0.825256   1075   2048 52.4902 0.055935
  63 0.824695   1075   2048 52.4902 0.055748
  64 0.825400   1077   2048 52.5879 0.055471
  65 0.825786   1078   2048 52.6367 0.056110
  66 0.825659   1078   2048 52.6367 0.056074
  67 0.825370   1079   2048 52.6855 0.055357
  68 0.825340   1079   2048 52.6855 0.056122
  69 0.826244   1080   2048 52.7344 0.054380
  70 0.824785   1081   2048 52.7832 0.054844
  71 0.824333   1081   2048 52.7832 0.055399
  72 0.824647   1081   2048 52.7832 0.054543
  73 0.825961   1081   2048 52.7832 0.054971
  74 0.826178   1082   2048 52.8320 0.055417
  75 0.825852   1082   2048 52.8320 0.055128
  76 0.826558   1082   2048 52.8320 0.055097
  77 0.826648   1083   2048 52.8809 0.053675
  78 0.826431   1083   2048 52.8809 0.053789
  79 0.826763   1083   2048 52.8809 0.053277
  80 0.826087   1083   2048 52.8809 0.054519
  81 0.825509   1084   2048 52.9297 0.055911
  82 0.826877   1084   2048 52.9297 0.053922
  83 0.826311   1086   2048 53.0273 0.054326
  84 0.826323   1088   2048 53.1250 0.054386
  85 0.826431   1088   2048 53.1250 0.054820
  86 0.825937   1088   2048 53.1250 0.055405
  87 0.826232   1089   2048 53.1738 0.054603
  88 0.827130   1089   2048 53.1738 0.056062
  89 0.827064   1089   2048 53.1738 0.055399
  90 0.827516   1089   2048 53.1738 0.055616
  91 0.826455   1090   2048 53.2227 0.053488
  92 0.826304   1090   2048 53.2227 0.054675
  93 0.825497   1090   2048 53.2227 0.054097
  94 0.827106   1090   2048 53.2227 0.054097
  95 0.826250   1090   2048 53.2227 0.053150
  96 0.826937   1091   2048 53.2715 0.053633
  97 0.827239   1091   2048 53.2715 0.053289
  98 0.827631   1092   2048 53.3203 0.053645
  99 0.827233   1093   2048 53.3691 0.053560
 100 0.827775   1094   2048 53.4180 0.053168
 101 0.826925   1094   2048 53.4180 0.053205
 102 0.826937   1094   2048 53.4180 0.053126
 103 0.828143   1094   2048 53.4180 0.053235
 104 0.828083   1094   2048 53.4180 0.054398
 105 0.827414   1094   2048 53.4180 0.053434
 106 0.826895   1094   2048 53.4180 0.054458
 107 0.826757   1094   2048 53.4180 0.054513
 108 0.827558   1094   2048 53.4180 0.055013
 109 0.827613   1094   2048 53.4180 0.054898
 110 0.828240   1094   2048 53.4180 0.053621
 111 0.826678   1094   2048 53.4180 0.054953
 112 0.827679   1094   2048 53.4180 0.054585
 113 0.828668   1094   2048 53.4180 0.054507
 114 0.827468   1095   2048 53.4668 0.054651
 115 0.826431   1095   2048 53.4668 0.053530
 116 0.828378   1095   2048 53.4668 0.054181
 117 0.827986   1095   2048 53.4668 0.054796
 118 0.828722   1096   2048 53.5156 0.054018
 119 0.827920   1096   2048 53.5156 0.053982
 120 0.827739   1096   2048 53.5156 0.055254
 121 0.828221   1097   2048 53.5645 0.054151
 122 0.827378   1098   2048 53.6133 0.053976
 123 0.828764   1098   2048 53.6133 0.053832
 124 0.829017   1098   2048 53.6133 0.053777
 125 0.827492   1098   2048 53.6133 0.053850
 126 0.828396   1098   2048 53.6133 0.052650
 127 0.828221   1099   2048 53.6621 0.053572
 128 0.828065   1099   2048 53.6621 0.053114

# train: seg16 acc=0.814718 exact=982/2048 (47.9492%) churn=0.063187
# best_acc [same n=2048]: seg124 acc=0.829017 exact=1098/2048 (53.6133%) churn=0.053777
# best_exact [same n=2048]: seg127 acc=0.828221 exact=1099/2048 (53.6621%) churn=0.053572
# final: seg128 acc=0.828065 exact=1099/2048 (53.6621%) churn=0.053114
# best-train: exact=+117 percentage_points=+5.7129
