# step=100000 weights=raw segs=128 global_n=2048 elapsed=225.3s partial=False
# lt-kv-stdp-fast-weight-v1:research-pairangle_phase_tau2_r2_unrotated_dca1_qkl2_sum; per segment 0+8 blocks (no-grad+grad); train segments=16
# seg acc exact n exact_percent churn
   1 0.721885     53   2048 2.5879 0.000000
   2 0.781588    284   2048 13.8672 0.181291
   3 0.812482    720   2048 35.1562 0.120382
   4 0.830645    930   2048 45.4102 0.094504
   5 0.839838   1040   2048 50.7812 0.083074
   6 0.846475   1102   2048 53.8086 0.079005
   7 0.850285   1142   2048 55.7617 0.073809
   8 0.854655   1176   2048 57.4219 0.072579
   9 0.856463   1202   2048 58.6914 0.070976
  10 0.858869   1219   2048 59.5215 0.070813
  11 0.860255   1233   2048 60.2051 0.067449
  12 0.861376   1244   2048 60.7422 0.065514
  13 0.863637   1259   2048 61.4746 0.065484
  14 0.863613   1272   2048 62.1094 0.065321
  15 0.864439   1281   2048 62.5488 0.063772
  16 0.865500   1286   2048 62.7930 0.063651  <-train
  17 0.866313   1291   2048 63.0371 0.063049
  18 0.866488   1299   2048 63.4277 0.061083
  19 0.868484   1303   2048 63.6230 0.061126
  20 0.869448   1312   2048 64.0625 0.060125
  21 0.870786   1318   2048 64.3555 0.060010
  22 0.870871   1322   2048 64.5508 0.060444
  23 0.873053   1327   2048 64.7949 0.058714
  24 0.873101   1331   2048 64.9902 0.059040
  25 0.871956   1336   2048 65.2344 0.058799
  26 0.872812   1337   2048 65.2832 0.057491
  27 0.872745   1338   2048 65.3320 0.058757
  28 0.874512   1339   2048 65.3809 0.058075
  29 0.873288   1345   2048 65.6738 0.057780
  30 0.873276   1351   2048 65.9668 0.057189
  31 0.874108   1352   2048 66.0156 0.057183
  32 0.874011   1354   2048 66.1133 0.057298
  33 0.874916   1356   2048 66.2109 0.056755
  34 0.875747   1357   2048 66.2598 0.056942
  35 0.876194   1358   2048 66.3086 0.056201
  36 0.876109   1362   2048 66.5039 0.056261
  37 0.875971   1363   2048 66.5527 0.055953
  38 0.877924   1365   2048 66.6504 0.056062
  39 0.876200   1369   2048 66.8457 0.056448
  40 0.876368   1370   2048 66.8945 0.055754
  41 0.876175   1371   2048 66.9434 0.054790
  42 0.877134   1371   2048 66.9434 0.055676
  43 0.877104   1373   2048 67.0410 0.054519
  44 0.877194   1374   2048 67.0898 0.055357
  45 0.877960   1374   2048 67.0898 0.055791
  46 0.877472   1374   2048 67.0898 0.054748
  47 0.879129   1377   2048 67.2363 0.055459
  48 0.877056   1377   2048 67.2363 0.054374
  49 0.878315   1378   2048 67.2852 0.054127
  50 0.877857   1380   2048 67.3828 0.053367
  51 0.877833   1380   2048 67.3828 0.054808
  52 0.877622   1382   2048 67.4805 0.055091
  53 0.878725   1384   2048 67.5781 0.053138
  54 0.878677   1384   2048 67.5781 0.054145
  55 0.879027   1384   2048 67.5781 0.053042
  56 0.879660   1387   2048 67.7246 0.052879
  57 0.879431   1387   2048 67.7246 0.052457
  58 0.880468   1388   2048 67.7734 0.053548
  59 0.879961   1388   2048 67.7734 0.053174
  60 0.880100   1390   2048 67.8711 0.053211
  61 0.879979   1392   2048 67.9688 0.053066
  62 0.880118   1393   2048 68.0176 0.052994
  63 0.880142   1395   2048 68.1152 0.052523
  64 0.881830   1396   2048 68.1641 0.053024
  65 0.881426   1399   2048 68.3105 0.053096
  66 0.881842   1399   2048 68.3105 0.052638
  67 0.881908   1400   2048 68.3594 0.053066
  68 0.882433   1400   2048 68.3594 0.052855
  69 0.880136   1404   2048 68.5547 0.052379
  70 0.881161   1404   2048 68.5547 0.051487
  71 0.882210   1407   2048 68.7012 0.052523
  72 0.882228   1409   2048 68.7988 0.053548
  73 0.882861   1409   2048 68.7988 0.052300
  74 0.882547   1409   2048 68.7988 0.050679
  75 0.882023   1411   2048 68.8965 0.051282
  76 0.882409   1411   2048 68.8965 0.051649
  77 0.882228   1412   2048 68.9453 0.050190
  78 0.882457   1412   2048 68.9453 0.051270
  79 0.883753   1412   2048 68.9453 0.051034
  80 0.883970   1412   2048 68.9453 0.050661
  81 0.882861   1413   2048 68.9941 0.051523
  82 0.883512   1415   2048 69.0918 0.050878
  83 0.883699   1415   2048 69.0918 0.052324
  84 0.883753   1416   2048 69.1406 0.050890
  85 0.883271   1417   2048 69.1895 0.051209
  86 0.882993   1418   2048 69.2383 0.051806
  87 0.884543   1418   2048 69.2383 0.050661
  88 0.885356   1418   2048 69.2383 0.051257
  89 0.883940   1420   2048 69.3359 0.050721
  90 0.884681   1421   2048 69.3848 0.049654
  91 0.885435   1423   2048 69.4824 0.051264
  92 0.884537   1423   2048 69.4824 0.050408
  93 0.884754   1423   2048 69.4824 0.050649
  94 0.886050   1424   2048 69.5312 0.051848
  95 0.884844   1425   2048 69.5801 0.050341
  96 0.885061   1426   2048 69.6289 0.048973
  97 0.887129   1427   2048 69.6777 0.049943
  98 0.885411   1428   2048 69.7266 0.049678
  99 0.886387   1429   2048 69.7754 0.050329
 100 0.885248   1429   2048 69.7754 0.049099
 101 0.886357   1431   2048 69.8730 0.049383
 102 0.884916   1431   2048 69.8730 0.048286
 103 0.885163   1433   2048 69.9707 0.049172
 104 0.884922   1433   2048 69.9707 0.049835
 105 0.886640   1433   2048 69.9707 0.049154
 106 0.886026   1433   2048 69.9707 0.049564
 107 0.886001   1434   2048 70.0195 0.048563
 108 0.885923   1434   2048 70.0195 0.048726
 109 0.886447   1434   2048 70.0195 0.049359
 110 0.886411   1435   2048 70.0684 0.049618
 111 0.887092   1435   2048 70.0684 0.049558
 112 0.886429   1435   2048 70.0684 0.048738
 113 0.887141   1435   2048 70.0684 0.049889
 114 0.886381   1436   2048 70.1172 0.048762
 115 0.886851   1437   2048 70.1660 0.049823
 116 0.887261   1437   2048 70.1660 0.049413
 117 0.886809   1438   2048 70.2148 0.049594
 118 0.887249   1438   2048 70.2148 0.050570
 119 0.885893   1438   2048 70.2148 0.050016
 120 0.886833   1438   2048 70.2148 0.049913
 121 0.887623   1438   2048 70.2148 0.049931
 122 0.888654   1439   2048 70.2637 0.049684
 123 0.887671   1441   2048 70.3613 0.049648
 124 0.887665   1441   2048 70.3613 0.048557
 125 0.887111   1441   2048 70.3613 0.048961
 126 0.886972   1442   2048 70.4102 0.048732
 127 0.887358   1442   2048 70.4102 0.049310
 128 0.887394   1442   2048 70.4102 0.049178

# train: seg16 acc=0.865500 exact=1286/2048 (62.7930%) churn=0.063651
# best_acc [same n=2048]: seg122 acc=0.888654 exact=1439/2048 (70.2637%) churn=0.049684
# best_exact [same n=2048]: seg126 acc=0.886972 exact=1442/2048 (70.4102%) churn=0.048732
# final: seg128 acc=0.887394 exact=1442/2048 (70.4102%) churn=0.049178
# best-train: exact=+156 percentage_points=+7.6172
