# step=100000 weights=raw segs=128 global_n=512 elapsed=56.6s partial=False
# lt-kv-stdp-fast-weight-v1:research-pairangle_phase_tau2_r2_unrotated_dca1_qkl2_sum; per segment 0+8 blocks (no-grad+grad); train segments=16
# seg acc exact n exact_percent churn
   1 0.710094     13    512 2.5391 0.000000
   2 0.768060     72    512 14.0625 0.184510
   3 0.800781    171    512 33.3984 0.122541
   4 0.819589    225    512 43.9453 0.091459
   5 0.826751    258    512 50.3906 0.081019
   6 0.830536    270    512 52.7344 0.076582
   7 0.835455    276    512 53.9062 0.075617
   8 0.839916    283    512 55.2734 0.073134
   9 0.842448    289    512 56.4453 0.072483
  10 0.845221    294    512 57.4219 0.070843
  11 0.844136    297    512 58.0078 0.067274
  12 0.849730    299    512 58.3984 0.066262
  13 0.850429    304    512 59.3750 0.067660
  14 0.850670    309    512 60.3516 0.065273
  15 0.851466    312    512 60.9375 0.064646
  16 0.853636    313    512 61.1328 0.064284  <-train
  17 0.854625    317    512 61.9141 0.061849
  18 0.856457    320    512 62.5000 0.061463
  19 0.856988    321    512 62.6953 0.061005
  20 0.860098    325    512 63.4766 0.059920
  21 0.858796    326    512 63.6719 0.056062
  22 0.859881    327    512 63.8672 0.059631
  23 0.860267    328    512 64.0625 0.056665
  24 0.861256    328    512 64.0625 0.057822
  25 0.860267    329    512 64.2578 0.056424
  26 0.861087    329    512 64.2578 0.057026
  27 0.861232    329    512 64.2578 0.057629
  28 0.862413    329    512 64.2578 0.057268
  29 0.864969    332    512 64.8438 0.055845
  30 0.862799    333    512 65.0391 0.058136
  31 0.862293    333    512 65.0391 0.055459
  32 0.864632    334    512 65.2344 0.057195
  33 0.864390    335    512 65.4297 0.056399
  34 0.864487    336    512 65.6250 0.054639
  35 0.865741    336    512 65.6250 0.054036
  36 0.865403    337    512 65.8203 0.054663
  37 0.863257    337    512 65.8203 0.054302
  38 0.867380    337    512 65.8203 0.056351
  39 0.865041    337    512 65.8203 0.059245
  40 0.865693    337    512 65.8203 0.054856
  41 0.862654    337    512 65.8203 0.055748
  42 0.864800    337    512 65.8203 0.054085
  43 0.864125    337    512 65.8203 0.053168
  44 0.865162    337    512 65.8203 0.054036
  45 0.865813    337    512 65.8203 0.057894
  46 0.865090    337    512 65.8203 0.054229
  47 0.867501    337    512 65.8203 0.053819
  48 0.864704    337    512 65.8203 0.054663
  49 0.865258    338    512 66.0156 0.054133
  50 0.864198    338    512 66.0156 0.053289
  51 0.865114    338    512 66.0156 0.056520
  52 0.866247    338    512 66.0156 0.054495
  53 0.864511    338    512 66.0156 0.052951
  54 0.864583    338    512 66.0156 0.054157
  55 0.865885    338    512 66.0156 0.052156
  56 0.865066    338    512 66.0156 0.055290
  57 0.865596    338    512 66.0156 0.053723
  58 0.865548    338    512 66.0156 0.057123
  59 0.865668    338    512 66.0156 0.054832
  60 0.867887    339    512 66.2109 0.055363
  61 0.866054    340    512 66.4062 0.051119
  62 0.867477    340    512 66.4062 0.052204
  63 0.865403    341    512 66.6016 0.052059
  64 0.867380    341    512 66.6016 0.056978
  65 0.868224    342    512 66.7969 0.055170
  66 0.869575    342    512 66.7969 0.051866
  67 0.867284    342    512 66.7969 0.052397
  68 0.867043    342    512 66.7969 0.051963
  69 0.866247    342    512 66.7969 0.051553
  70 0.865837    342    512 66.7969 0.052614
  71 0.867477    342    512 66.7969 0.052927
  72 0.868827    342    512 66.7969 0.055290
  73 0.867959    342    512 66.7969 0.054374
  74 0.868200    342    512 66.7969 0.052132
  75 0.866802    342    512 66.7969 0.052011
  76 0.867911    342    512 66.7969 0.053723
  77 0.866344    342    512 66.7969 0.050227
  78 0.866826    342    512 66.7969 0.053024
  79 0.868345    342    512 66.7969 0.051794
  80 0.869020    342    512 66.7969 0.052011
  81 0.866512    342    512 66.7969 0.052807
  82 0.868682    343    512 66.9922 0.052276
  83 0.867091    343    512 66.9922 0.053241
  84 0.867646    343    512 66.9922 0.050034
  85 0.868634    343    512 66.9922 0.051939
  86 0.867067    343    512 66.9922 0.054688
  87 0.866922    343    512 66.9922 0.052156
  88 0.869044    343    512 66.9922 0.051866
  89 0.869816    343    512 66.9922 0.051987
  90 0.871648    343    512 66.9922 0.050178
  91 0.870732    343    512 66.9922 0.051264
  92 0.868007    343    512 66.9922 0.052373
  93 0.866970    343    512 66.9922 0.051770
  94 0.868248    343    512 66.9922 0.052590
  95 0.867188    343    512 66.9922 0.053000
  96 0.868851    343    512 66.9922 0.053120
  97 0.870804    343    512 66.9922 0.052349
  98 0.869623    343    512 66.9922 0.051481
  99 0.870829    344    512 67.1875 0.050757
 100 0.870780    344    512 67.1875 0.050612
 101 0.870997    345    512 67.3828 0.053120
 102 0.869358    345    512 67.3828 0.047984
 103 0.870419    346    512 67.5781 0.050854
 104 0.869454    346    512 67.5781 0.051239
 105 0.870057    346    512 67.5781 0.051770
 106 0.870443    346    512 67.5781 0.049889
 107 0.868297    347    512 67.7734 0.047815
 108 0.868972    347    512 67.7734 0.048852
 109 0.870250    347    512 67.7734 0.049479
 110 0.870973    347    512 67.7734 0.051722
 111 0.871359    347    512 67.7734 0.051625
 112 0.870877    347    512 67.7734 0.050878
 113 0.870925    347    512 67.7734 0.052397
 114 0.871793    347    512 67.7734 0.049841
 115 0.870997    347    512 67.7734 0.051794
 116 0.873457    347    512 67.7734 0.052373
 117 0.870298    347    512 67.7734 0.051577
 118 0.870105    347    512 67.7734 0.052276
 119 0.869816    347    512 67.7734 0.050998
 120 0.871118    347    512 67.7734 0.052541
 121 0.872468    347    512 67.7734 0.053410
 122 0.874855    347    512 67.7734 0.052638
 123 0.871311    348    512 67.9688 0.052204
 124 0.870226    348    512 67.9688 0.050395
 125 0.871383    348    512 67.9688 0.050130
 126 0.870105    349    512 68.1641 0.049793
 127 0.871889    349    512 68.1641 0.053265
 128 0.871624    349    512 68.1641 0.050420

# train: seg16 acc=0.853636 exact=313/512 (61.1328%) churn=0.064284
# best_acc [same n=512]: seg122 acc=0.874855 exact=347/512 (67.7734%) churn=0.052638
# best_exact [same n=512]: seg126 acc=0.870105 exact=349/512 (68.1641%) churn=0.049793
# final: seg128 acc=0.871624 exact=349/512 (68.1641%) churn=0.050420
# best-train: exact=+36 percentage_points=+7.0312
