# step=150000 weights=raw segs=128 global_n=512 elapsed=59.2s partial=False
# lt-kv-stdp-fast-weight-v1:research-pairangle_phase_tau2_r2_unrotated_dca1_qkl2_sum; per segment 0+8 blocks (no-grad+grad); train segments=16
# seg acc exact n exact_percent churn
   1 0.713108     13    512 2.5391 0.000000
   2 0.768519     73    512 14.2578 0.184703
   3 0.797140    168    512 32.8125 0.121190
   4 0.814091    216    512 42.1875 0.097246
   5 0.827715    253    512 49.4141 0.088252
   6 0.836347    271    512 52.9297 0.081380
   7 0.836926    280    512 54.6875 0.073785
   8 0.838373    286    512 55.8594 0.068215
   9 0.842014    291    512 56.8359 0.070312
  10 0.847295    293    512 57.2266 0.071952
  11 0.848235    298    512 58.2031 0.068359
  12 0.847295    301    512 58.7891 0.065707
  13 0.849923    305    512 59.5703 0.067491
  14 0.850911    307    512 59.9609 0.068335
  15 0.850429    308    512 60.1562 0.063850
  16 0.852551    310    512 60.5469 0.064525  <-train
  17 0.854866    313    512 61.1328 0.066237
  18 0.853757    314    512 61.3281 0.062910
  19 0.856096    317    512 61.9141 0.062042
  20 0.856867    318    512 62.1094 0.063465
  21 0.856337    318    512 62.1094 0.060065
  22 0.859037    319    512 62.3047 0.064646
  23 0.860315    320    512 62.5000 0.063416
  24 0.859062    322    512 62.8906 0.060330
  25 0.859544    322    512 62.8906 0.059944
  26 0.859086    322    512 62.8906 0.060137
  27 0.862582    325    512 63.4766 0.057919
  28 0.862389    327    512 63.8672 0.057364
  29 0.861955    329    512 64.2578 0.057292
  30 0.863402    330    512 64.4531 0.059775
  31 0.864270    332    512 64.8438 0.059004
  32 0.863595    331    512 64.6484 0.058907
  33 0.866078    333    512 65.0391 0.058859
  34 0.863860    332    512 64.8438 0.058329
  35 0.863450    332    512 64.8438 0.056327
  36 0.864704    332    512 64.8438 0.057243
  37 0.864897    333    512 65.0391 0.055917
  38 0.864897    334    512 65.2344 0.055990
  39 0.866078    333    512 65.0391 0.058618
  40 0.865234    333    512 65.0391 0.058473
  41 0.864439    334    512 65.2344 0.057147
  42 0.866440    333    512 65.0391 0.058859
  43 0.865717    334    512 65.2344 0.056737
  44 0.865162    334    512 65.2344 0.054760
  45 0.864439    334    512 65.2344 0.057026
  46 0.866223    334    512 65.2344 0.055845
  47 0.865741    333    512 65.0391 0.054567
  48 0.864945    333    512 65.0391 0.055748
  49 0.864463    335    512 65.4297 0.058859
  50 0.867501    334    512 65.2344 0.056761
  51 0.867043    336    512 65.6250 0.057316
  52 0.865548    336    512 65.6250 0.055025
  53 0.868321    337    512 65.8203 0.053868
  54 0.867043    338    512 66.0156 0.055531
  55 0.869454    337    512 65.8203 0.052493
  56 0.867380    338    512 66.0156 0.053602
  57 0.867573    338    512 66.0156 0.055556
  58 0.867766    337    512 65.8203 0.054085
  59 0.867983    338    512 66.0156 0.055604
  60 0.869334    338    512 66.0156 0.050709
  61 0.868080    339    512 66.2109 0.051432
  62 0.869406    341    512 66.6016 0.052662
  63 0.869092    339    512 66.2109 0.051698
  64 0.869141    340    512 66.4062 0.053361
  65 0.869309    340    512 66.4062 0.053193
  66 0.870250    340    512 66.4062 0.052927
  67 0.869647    341    512 66.6016 0.053217
  68 0.870346    340    512 66.4062 0.053506
  69 0.869502    341    512 66.6016 0.054012
  70 0.870202    341    512 66.6016 0.053024
  71 0.868948    341    512 66.6016 0.053144
  72 0.869044    341    512 66.6016 0.054567
  73 0.868417    341    512 66.6016 0.053096
  74 0.869309    341    512 66.6016 0.052180
  75 0.868393    341    512 66.6016 0.052614
  76 0.868803    341    512 66.6016 0.054591
  77 0.869141    341    512 66.6016 0.053024
  78 0.871648    341    512 66.6016 0.053217
  79 0.871672    341    512 66.6016 0.054302
  80 0.870901    342    512 66.7969 0.051264
  81 0.869864    341    512 66.6016 0.051866
  82 0.871769    341    512 66.6016 0.051481
  83 0.870033    341    512 66.6016 0.051360
  84 0.871624    342    512 66.7969 0.052783
  85 0.870443    342    512 66.7969 0.053482
  86 0.871190    341    512 66.6016 0.054278
  87 0.871046    342    512 66.7969 0.051143
  88 0.872299    342    512 66.7969 0.051963
  89 0.872179    342    512 66.7969 0.053627
  90 0.871166    342    512 66.7969 0.051722
  91 0.872058    342    512 66.7969 0.051794
  92 0.871962    342    512 66.7969 0.052590
  93 0.870660    342    512 66.7969 0.050950
  94 0.872299    342    512 66.7969 0.049889
  95 0.870443    342    512 66.7969 0.052903
  96 0.870419    342    512 66.7969 0.053627
  97 0.873529    342    512 66.7969 0.052686
  98 0.871889    342    512 66.7969 0.052807
  99 0.870250    341    512 66.6016 0.050444
 100 0.870226    342    512 66.7969 0.051746
 101 0.870804    342    512 66.7969 0.053096
 102 0.871624    342    512 66.7969 0.052517
 103 0.872806    343    512 66.9922 0.054157
 104 0.871287    343    512 66.9922 0.052059
 105 0.872396    344    512 67.1875 0.050974
 106 0.872131    345    512 67.3828 0.054085
 107 0.873167    344    512 67.1875 0.051698
 108 0.874132    346    512 67.5781 0.051046
 109 0.873867    346    512 67.5781 0.052469
 110 0.871841    346    512 67.5781 0.050492
 111 0.873481    346    512 67.5781 0.051143
 112 0.873336    345    512 67.3828 0.051360
 113 0.872999    346    512 67.5781 0.053554
 114 0.872541    346    512 67.5781 0.052469
 115 0.872999    346    512 67.5781 0.053651
 116 0.872878    346    512 67.5781 0.049576
 117 0.874228    347    512 67.7734 0.051046
 118 0.873384    347    512 67.7734 0.050564
 119 0.873023    348    512 67.9688 0.050130
 120 0.872227    347    512 67.7734 0.050733
 121 0.872444    347    512 67.7734 0.051264
 122 0.873264    346    512 67.5781 0.051866
 123 0.873963    348    512 67.9688 0.049769
 124 0.875096    348    512 67.9688 0.053000
 125 0.876471    347    512 67.7734 0.052300
 126 0.875747    349    512 68.1641 0.050588
 127 0.874807    349    512 68.1641 0.051071
 128 0.875940    348    512 67.9688 0.050902

# train: seg16 acc=0.852551 exact=310/512 (60.5469%) churn=0.064525
# best_acc [same n=512]: seg125 acc=0.876471 exact=347/512 (67.7734%) churn=0.052300
# best_exact [same n=512]: seg126 acc=0.875747 exact=349/512 (68.1641%) churn=0.050588
# final: seg128 acc=0.875940 exact=348/512 (67.9688%) churn=0.050902
# best-train: exact=+39 percentage_points=+7.6172
