# step=150000 weights=raw segs=128 global_n=512 elapsed=56.3s partial=False
# lt-kv-stdp-fast-weight-v1:research-pairangle_phase_tau2_r2_unrotated_dca1_qkl2_sum; per segment 0+8 blocks (no-grad+grad); train segments=16
# seg acc exact n exact_percent churn
   1 0.688730     13    512 2.5391 0.000000
   2 0.729215     39    512 7.6172 0.183594
   3 0.755088    102    512 19.9219 0.121190
   4 0.766879    149    512 29.1016 0.095221
   5 0.774957    183    512 35.7422 0.082562
   6 0.779417    196    512 38.2812 0.075907
   7 0.783661    204    512 39.8438 0.074653
   8 0.785952    212    512 41.4062 0.068408
   9 0.786820    215    512 41.9922 0.069469
  10 0.789159    219    512 42.7734 0.068070
  11 0.787760    219    512 42.7734 0.068408
  12 0.793210    222    512 43.3594 0.066961
  13 0.791643    223    512 43.5547 0.067395
  14 0.790075    226    512 44.1406 0.066020
  15 0.788845    226    512 44.1406 0.066864
  16 0.791739    226    512 44.1406 0.068480  <-train
  17 0.792896    226    512 44.1406 0.064670
  18 0.793789    227    512 44.3359 0.065466
  19 0.792848    229    512 44.7266 0.064791
  20 0.791546    230    512 44.9219 0.063754
  21 0.793861    231    512 45.1172 0.064550
  22 0.794271    231    512 45.1172 0.065659
  23 0.797381    233    512 45.5078 0.064984
  24 0.795693    235    512 45.8984 0.064260
  25 0.796369    236    512 46.0938 0.063874
  26 0.796706    236    512 46.0938 0.064043
  27 0.795886    237    512 46.2891 0.063127
  28 0.796031    237    512 46.2891 0.065008
  29 0.797840    237    512 46.2891 0.061487
  30 0.799407    237    512 46.2891 0.059269
  31 0.799142    239    512 46.6797 0.060523
  32 0.796730    239    512 46.6797 0.059896
  33 0.800251    241    512 47.0703 0.060354
  34 0.801963    242    512 47.2656 0.060764
  35 0.800854    243    512 47.4609 0.061584
  36 0.801191    243    512 47.4609 0.057726
  37 0.800781    244    512 47.6562 0.059221
  38 0.800371    244    512 47.6562 0.061560
  39 0.802252    244    512 47.6562 0.061945
  40 0.799696    244    512 47.6562 0.059124
  41 0.801095    244    512 47.6562 0.059172
  42 0.801553    244    512 47.6562 0.059727
  43 0.800516    244    512 47.6562 0.059944
  44 0.801239    244    512 47.6562 0.058618
  45 0.800516    244    512 47.6562 0.058449
  46 0.801866    244    512 47.6562 0.060523
  47 0.800757    244    512 47.6562 0.062211
  48 0.800926    245    512 47.8516 0.059655
  49 0.802035    245    512 47.8516 0.059823
  50 0.802566    246    512 48.0469 0.060643
  51 0.802493    246    512 48.0469 0.059389
  52 0.802903    247    512 48.2422 0.059606
  53 0.801818    247    512 48.2422 0.063537
  54 0.804760    248    512 48.4375 0.061029
  55 0.803265    248    512 48.4375 0.057991
  56 0.802566    248    512 48.4375 0.063151
  57 0.801215    248    512 48.4375 0.058811
  58 0.805411    248    512 48.4375 0.061318
  59 0.800709    248    512 48.4375 0.060041
  60 0.803024    248    512 48.4375 0.058497
  61 0.802927    248    512 48.4375 0.056665
  62 0.804157    248    512 48.4375 0.060667
  63 0.803265    248    512 48.4375 0.060788
  64 0.805652    249    512 48.6328 0.061728
  65 0.802710    249    512 48.6328 0.059606
  66 0.804446    249    512 48.6328 0.058256
  67 0.802541    249    512 48.6328 0.059486
  68 0.802517    249    512 48.6328 0.061126
  69 0.805073    249    512 48.6328 0.058835
  70 0.803675    249    512 48.6328 0.060499
  71 0.802397    249    512 48.6328 0.058136
  72 0.802614    249    512 48.6328 0.056351
  73 0.802035    249    512 48.6328 0.057726
  74 0.803168    249    512 48.6328 0.060137
  75 0.804133    249    512 48.6328 0.058015
  76 0.805001    249    512 48.6328 0.059462
  77 0.803048    249    512 48.6328 0.056496
  78 0.803675    249    512 48.6328 0.059052
  79 0.803385    249    512 48.6328 0.058160
  80 0.802783    249    512 48.6328 0.059389
  81 0.802156    249    512 48.6328 0.061849
  82 0.802927    249    512 48.6328 0.060089
  83 0.802373    249    512 48.6328 0.057822
  84 0.802903    249    512 48.6328 0.058087
  85 0.801963    249    512 48.6328 0.059197
  86 0.802590    249    512 48.6328 0.059414
  87 0.803506    249    512 48.6328 0.057292
  88 0.802566    249    512 48.6328 0.059269
  89 0.804495    249    512 48.6328 0.059534
  90 0.802807    249    512 48.6328 0.060016
  91 0.802879    249    512 48.6328 0.057388
  92 0.801215    249    512 48.6328 0.059317
  93 0.802373    249    512 48.6328 0.059920
  94 0.804012    249    512 48.6328 0.057919
  95 0.801384    249    512 48.6328 0.057485
  96 0.800878    249    512 48.6328 0.057292
  97 0.802373    249    512 48.6328 0.056906
  98 0.804205    249    512 48.6328 0.058497
  99 0.803482    249    512 48.6328 0.060450
 100 0.802807    249    512 48.6328 0.058594
 101 0.803964    249    512 48.6328 0.058690
 102 0.804302    249    512 48.6328 0.058618
 103 0.804880    249    512 48.6328 0.058039
 104 0.805580    249    512 48.6328 0.057653
 105 0.801987    249    512 48.6328 0.059028
 106 0.803892    249    512 48.6328 0.057702
 107 0.801698    249    512 48.6328 0.058497
 108 0.803168    249    512 48.6328 0.058835
 109 0.802590    249    512 48.6328 0.059655
 110 0.804422    249    512 48.6328 0.058208
 111 0.804157    249    512 48.6328 0.061126
 112 0.803313    249    512 48.6328 0.058401
 113 0.804760    249    512 48.6328 0.060378
 114 0.804856    249    512 48.6328 0.059679
 115 0.802397    249    512 48.6328 0.058473
 116 0.803940    249    512 48.6328 0.057340
 117 0.802300    249    512 48.6328 0.059751
 118 0.803144    249    512 48.6328 0.058618
 119 0.805363    249    512 48.6328 0.059269
 120 0.802927    249    512 48.6328 0.062500
 121 0.803988    249    512 48.6328 0.059414
 122 0.803482    249    512 48.6328 0.057147
 123 0.804760    249    512 48.6328 0.057557
 124 0.805025    249    512 48.6328 0.059510
 125 0.801770    249    512 48.6328 0.059076
 126 0.803120    249    512 48.6328 0.058353
 127 0.803819    249    512 48.6328 0.057894
 128 0.803120    249    512 48.6328 0.057002

# train: seg16 acc=0.791739 exact=226/512 (44.1406%) churn=0.068480
# best_acc [same n=512]: seg64 acc=0.805652 exact=249/512 (48.6328%) churn=0.061728
# best_exact [same n=512]: seg64 acc=0.805652 exact=249/512 (48.6328%) churn=0.061728
# final: seg128 acc=0.803120 exact=249/512 (48.6328%) churn=0.057002
# best-train: exact=+23 percentage_points=+4.4922
