# step=61150 weights=raw segs=128 global_n=2048 elapsed=225.3s partial=False
# lt-kv-stdp-fast-weight-v1:research-pairangle_phase_tau2_r2_unrotated_dca1_qkl2_sum; per segment 0+8 blocks (no-grad+grad); train segments=16
# seg acc exact n exact_percent churn
   1 0.713301     53   2048 2.5879 0.000000
   2 0.773642    210   2048 10.2539 0.200430
   3 0.800468    640   2048 31.2500 0.132855
   4 0.815381    833   2048 40.6738 0.107687
   5 0.823025    911   2048 44.4824 0.098554
   6 0.829216    971   2048 47.4121 0.093907
   7 0.831211   1013   2048 49.4629 0.089265
   8 0.833960   1034   2048 50.4883 0.086155
   9 0.836233   1055   2048 51.5137 0.083912
  10 0.839169   1073   2048 52.3926 0.081676
  11 0.840091   1091   2048 53.2715 0.080349
  12 0.841411   1101   2048 53.7598 0.079891
  13 0.842303   1108   2048 54.1016 0.078095
  14 0.844021   1120   2048 54.6875 0.079132
  15 0.842870   1131   2048 55.2246 0.076992
  16 0.845161   1137   2048 55.5176 0.077281  <-train
  17 0.844582   1141   2048 55.7129 0.075647
  18 0.845468   1145   2048 55.9082 0.076883
  19 0.846155   1148   2048 56.0547 0.075394
  20 0.847608   1155   2048 56.3965 0.076142
  21 0.848554   1160   2048 56.6406 0.073694
  22 0.848494   1162   2048 56.7383 0.073441
  23 0.847891   1165   2048 56.8848 0.074122
  24 0.848964   1167   2048 56.9824 0.072844
  25 0.848217   1171   2048 57.1777 0.073556
  26 0.849857   1173   2048 57.2754 0.073110
  27 0.849778   1174   2048 57.3242 0.073966
  28 0.849356   1178   2048 57.5195 0.073266
  29 0.850707   1184   2048 57.8125 0.073393
  30 0.851948   1188   2048 58.0078 0.070403
  31 0.851538   1191   2048 58.1543 0.071458
  32 0.854263   1193   2048 58.2520 0.071217
  33 0.851870   1198   2048 58.4961 0.070337
  34 0.852141   1200   2048 58.5938 0.071301
  35 0.853715   1202   2048 58.6914 0.070680
  36 0.852859   1202   2048 58.6914 0.069667
  37 0.853473   1204   2048 58.7891 0.069360
  38 0.853088   1205   2048 58.8379 0.071428
  39 0.852123   1206   2048 58.8867 0.069239
  40 0.854878   1208   2048 58.9844 0.067732
  41 0.852985   1210   2048 59.0820 0.069378
  42 0.853383   1211   2048 59.1309 0.069053
  43 0.853064   1211   2048 59.1309 0.069770
  44 0.853974   1212   2048 59.1797 0.069306
  45 0.854818   1213   2048 59.2285 0.069571
  46 0.855469   1213   2048 59.2285 0.070439
  47 0.854763   1215   2048 59.3262 0.069173
  48 0.854076   1215   2048 59.3262 0.069276
  49 0.855662   1215   2048 59.3262 0.069517
  50 0.853630   1220   2048 59.5703 0.070596
  51 0.854185   1220   2048 59.5703 0.068625
  52 0.854438   1220   2048 59.5703 0.068040
  53 0.855288   1222   2048 59.6680 0.069499
  54 0.855252   1223   2048 59.7168 0.067955
  55 0.856409   1224   2048 59.7656 0.068040
  56 0.855812   1228   2048 59.9609 0.068824
  57 0.857313   1228   2048 59.9609 0.068118
  58 0.857356   1228   2048 59.9609 0.069758
  59 0.855571   1230   2048 60.0586 0.067588
  60 0.856789   1231   2048 60.1074 0.066647
  61 0.856102   1231   2048 60.1074 0.067256
  62 0.857554   1231   2048 60.1074 0.067244
  63 0.856590   1232   2048 60.1562 0.067654
  64 0.856879   1233   2048 60.2051 0.068118
  65 0.856729   1233   2048 60.2051 0.067648
  66 0.856421   1233   2048 60.2051 0.067781
  67 0.857247   1233   2048 60.2051 0.068444
  68 0.857114   1233   2048 60.2051 0.068329
  69 0.856457   1233   2048 60.2051 0.066913
  70 0.856355   1234   2048 60.2539 0.067714
  71 0.856964   1234   2048 60.2539 0.066822
  72 0.856940   1234   2048 60.2539 0.066828
  73 0.855987   1234   2048 60.2539 0.067479
  74 0.857404   1234   2048 60.2539 0.066424
  75 0.857765   1236   2048 60.3516 0.068136
  76 0.856005   1236   2048 60.3516 0.068426
  77 0.857404   1236   2048 60.3516 0.067859
  78 0.858597   1238   2048 60.4492 0.067238
  79 0.856246   1239   2048 60.4980 0.068281
  80 0.858501   1240   2048 60.5469 0.068323
  81 0.857139   1240   2048 60.5469 0.067274
  82 0.856656   1240   2048 60.5469 0.067093
  83 0.857982   1240   2048 60.5469 0.068522
  84 0.857675   1242   2048 60.6445 0.067341
  85 0.858398   1243   2048 60.6934 0.067130
  86 0.857579   1243   2048 60.6934 0.065526
  87 0.858917   1243   2048 60.6934 0.066189
  88 0.858893   1243   2048 60.6934 0.066575
  89 0.858109   1244   2048 60.7422 0.066364
  90 0.859092   1246   2048 60.8398 0.066442
  91 0.858772   1248   2048 60.9375 0.065822
  92 0.858857   1248   2048 60.9375 0.066111
  93 0.858664   1248   2048 60.9375 0.066370
  94 0.860032   1249   2048 60.9863 0.065815
  95 0.858410   1252   2048 61.1328 0.066033
  96 0.859779   1253   2048 61.1816 0.065906
  97 0.859731   1254   2048 61.2305 0.066298
  98 0.860382   1254   2048 61.2305 0.066213
  99 0.860261   1254   2048 61.2305 0.065834
 100 0.858869   1254   2048 61.2305 0.066864
 101 0.859604   1254   2048 61.2305 0.066039
 102 0.860810   1254   2048 61.2305 0.064610
 103 0.858923   1254   2048 61.2305 0.066141
 104 0.860436   1254   2048 61.2305 0.065840
 105 0.859134   1254   2048 61.2305 0.065231
 106 0.860273   1254   2048 61.2305 0.065466
 107 0.860617   1254   2048 61.2305 0.065237
 108 0.859725   1254   2048 61.2305 0.065122
 109 0.859893   1254   2048 61.2305 0.065912
 110 0.859315   1254   2048 61.2305 0.065357
 111 0.859972   1254   2048 61.2305 0.065508
 112 0.860333   1255   2048 61.2793 0.066467
 113 0.859664   1255   2048 61.2793 0.065659
 114 0.860701   1256   2048 61.3281 0.064815
 115 0.859845   1256   2048 61.3281 0.064773
 116 0.860924   1256   2048 61.3281 0.065605
 117 0.860834   1258   2048 61.4258 0.064254
 118 0.860056   1259   2048 61.4746 0.064568
 119 0.862853   1259   2048 61.4746 0.065773
 120 0.861955   1261   2048 61.5723 0.064110
 121 0.861298   1262   2048 61.6211 0.065671
 122 0.860924   1262   2048 61.6211 0.064435
 123 0.860918   1263   2048 61.6699 0.064308
 124 0.861286   1264   2048 61.7188 0.064495
 125 0.861413   1264   2048 61.7188 0.063651
 126 0.861419   1264   2048 61.7188 0.064037
 127 0.862353   1264   2048 61.7188 0.064146
 128 0.861153   1264   2048 61.7188 0.063742

# train: seg16 acc=0.845161 exact=1137/2048 (55.5176%) churn=0.077281
# best_acc [same n=2048]: seg119 acc=0.862853 exact=1259/2048 (61.4746%) churn=0.065773
# best_exact [same n=2048]: seg124 acc=0.861286 exact=1264/2048 (61.7188%) churn=0.064495
# final: seg128 acc=0.861153 exact=1264/2048 (61.7188%) churn=0.063742
# best-train: exact=+127 percentage_points=+6.2012
