# step=100000 weights=raw segs=128 global_n=512 elapsed=20.9s partial=False
# lt-kv-stdp-fast-weight-v1:research-pairangle_phase_tau2_r1_unrotated_dca1_swiglu_bf16_ng24_qkl2_sum; per segment 0+8 blocks (no-grad+grad); train segments=16
# seg acc exact n exact_percent churn
   1 0.543089      0    512 0.0000 0.000000
   2 0.665003     13    512 2.5391 0.404634
   3 0.700376     30    512 5.8594 0.195795
   4 0.722584     67    512 13.0859 0.135151
   5 0.735725    100    512 19.5312 0.095751
   6 0.743297    118    512 23.0469 0.076220
   7 0.748577    135    512 26.3672 0.069059
   8 0.751326    142    512 27.7344 0.064188
   9 0.753786    153    512 29.8828 0.060041
  10 0.754991    154    512 30.0781 0.057557
  11 0.756535    158    512 30.8594 0.056689
  12 0.760923    165    512 32.2266 0.054350
  13 0.760561    166    512 32.4219 0.053072
  14 0.760055    169    512 33.0078 0.052783
  15 0.762225    172    512 33.5938 0.052324
  16 0.759549    174    512 33.9844 0.050757  <-train
  17 0.760875    175    512 34.1797 0.050203
  18 0.761405    176    512 34.3750 0.050468
  19 0.763383    176    512 34.3750 0.049720
  20 0.763310    176    512 34.3750 0.050492
  21 0.761574    177    512 34.5703 0.051432
  22 0.760971    178    512 34.7656 0.050564
  23 0.762370    178    512 34.7656 0.050130
  24 0.763238    178    512 34.7656 0.049503
  25 0.762201    178    512 34.7656 0.048153
  26 0.761116    178    512 34.7656 0.049937
  27 0.762153    178    512 34.7656 0.051022
  28 0.761092    178    512 34.7656 0.049479
  29 0.761839    178    512 34.7656 0.050251
  30 0.760561    178    512 34.7656 0.051022
  31 0.761719    178    512 34.7656 0.050854
  32 0.762490    178    512 34.7656 0.050251
  33 0.761984    178    512 34.7656 0.050540
  34 0.760658    178    512 34.7656 0.048949
  35 0.762635    179    512 34.9609 0.050420
  36 0.764130    179    512 34.9609 0.049286
  37 0.762346    179    512 34.9609 0.049648
  38 0.760827    179    512 34.9609 0.050203
  39 0.762587    179    512 34.9609 0.051239
  40 0.762514    179    512 34.9609 0.050926
  41 0.761068    179    512 34.9609 0.050757
  42 0.761405    180    512 35.1562 0.048177
  43 0.762153    180    512 35.1562 0.049214
  44 0.763069    180    512 35.1562 0.049479
  45 0.761719    180    512 35.1562 0.049720
  46 0.762249    180    512 35.1562 0.049527
  47 0.762346    180    512 35.1562 0.050010
  48 0.762707    180    512 35.1562 0.049744
  49 0.760947    180    512 35.1562 0.049624
  50 0.761478    180    512 35.1562 0.051722
  51 0.762418    180    512 35.1562 0.050227
  52 0.761863    180    512 35.1562 0.049841
  53 0.760995    180    512 35.1562 0.049600
  54 0.762273    180    512 35.1562 0.049672
  55 0.762394    180    512 35.1562 0.048370
  56 0.761526    180    512 35.1562 0.049865
  57 0.761478    180    512 35.1562 0.049648
  58 0.760899    180    512 35.1562 0.050227
  59 0.760778    180    512 35.1562 0.048683
  60 0.761261    180    512 35.1562 0.049286
  61 0.762032    180    512 35.1562 0.049407
  62 0.760923    180    512 35.1562 0.048225
  63 0.761502    180    512 35.1562 0.050371
  64 0.762297    180    512 35.1562 0.050420
  65 0.760995    180    512 35.1562 0.051360
  66 0.762008    180    512 35.1562 0.050492
  67 0.762635    180    512 35.1562 0.049937
  68 0.760634    180    512 35.1562 0.047936
  69 0.761019    180    512 35.1562 0.050227
  70 0.762997    180    512 35.1562 0.050709
  71 0.761671    180    512 35.1562 0.048949
  72 0.761936    180    512 35.1562 0.050154
  73 0.760682    180    512 35.1562 0.049744
  74 0.761743    180    512 35.1562 0.049359
  75 0.763214    180    512 35.1562 0.050805
  76 0.762153    180    512 35.1562 0.049769
  77 0.761863    180    512 35.1562 0.050154
  78 0.762707    180    512 35.1562 0.049359
  79 0.762466    180    512 35.1562 0.050540
  80 0.763190    180    512 35.1562 0.048563
  81 0.761984    181    512 35.3516 0.049720
  82 0.763503    181    512 35.3516 0.050974
  83 0.762080    181    512 35.3516 0.048659
  84 0.762683    181    512 35.3516 0.047454
  85 0.762635    181    512 35.3516 0.048370
  86 0.761212    181    512 35.3516 0.048804
  87 0.764130    181    512 35.3516 0.048708
  88 0.764202    181    512 35.3516 0.049576
  89 0.762924    181    512 35.3516 0.049961
  90 0.762105    181    512 35.3516 0.048756
  91 0.764299    181    512 35.3516 0.049889
  92 0.763117    181    512 35.3516 0.049093
  93 0.761236    181    512 35.3516 0.049021
  94 0.762924    181    512 35.3516 0.049069
  95 0.762418    181    512 35.3516 0.049600
  96 0.761936    181    512 35.3516 0.048804
  97 0.763720    181    512 35.3516 0.048611
  98 0.761236    181    512 35.3516 0.049672
  99 0.762611    181    512 35.3516 0.049793
 100 0.763575    181    512 35.3516 0.049937
 101 0.761984    181    512 35.3516 0.050468
 102 0.762225    181    512 35.3516 0.049021
 103 0.764251    181    512 35.3516 0.048708
 104 0.763383    181    512 35.3516 0.049576
 105 0.760851    181    512 35.3516 0.049600
 106 0.762225    181    512 35.3516 0.050516
 107 0.763624    181    512 35.3516 0.048515
 108 0.762514    181    512 35.3516 0.050709
 109 0.762587    181    512 35.3516 0.050347
 110 0.761695    181    512 35.3516 0.049021
 111 0.762129    181    512 35.3516 0.049190
 112 0.762707    181    512 35.3516 0.050588
 113 0.763166    181    512 35.3516 0.049793
 114 0.763310    181    512 35.3516 0.050323
 115 0.762153    181    512 35.3516 0.049455
 116 0.762297    181    512 35.3516 0.049021
 117 0.762514    181    512 35.3516 0.050612
 118 0.761936    181    512 35.3516 0.049190
 119 0.762997    181    512 35.3516 0.049817
 120 0.761236    181    512 35.3516 0.050516
 121 0.763961    181    512 35.3516 0.051456
 122 0.763117    181    512 35.3516 0.049455
 123 0.763190    181    512 35.3516 0.049093
 124 0.762707    181    512 35.3516 0.050733
 125 0.763600    182    512 35.5469 0.050805
 126 0.764516    182    512 35.5469 0.049190
 127 0.762756    182    512 35.5469 0.048659
 128 0.763310    182    512 35.5469 0.050082

# train: seg16 acc=0.759549 exact=174/512 (33.9844%) churn=0.050757
# best_acc [same n=512]: seg126 acc=0.764516 exact=182/512 (35.5469%) churn=0.049190
# best_exact [same n=512]: seg125 acc=0.763600 exact=182/512 (35.5469%) churn=0.050805
# final: seg128 acc=0.763310 exact=182/512 (35.5469%) churn=0.050082
# best-train: exact=+8 percentage_points=+1.5625
