# step=100000 weights=raw segs=128 global_n=512 elapsed=21.9s partial=False
# lt-kv-stdp-fast-weight-v1:research-pairangle_phase_tau2_r1_unrotated_dca1_swiglu_bf16_ng24_qkl2_sum; per segment 0+8 blocks (no-grad+grad); train segments=16
# seg acc exact n exact_percent churn
   1 0.586420      0    512 0.0000 0.000000
   2 0.693311     13    512 2.5391 0.343533
   3 0.750458     62    512 12.1094 0.208309
   4 0.779876    128    512 25.0000 0.121624
   5 0.795525    176    512 34.3750 0.087770
   6 0.804736    201    512 39.2578 0.072145
   7 0.807943    224    512 43.7500 0.064140
   8 0.812428    234    512 45.7031 0.058618
   9 0.816527    239    512 46.6797 0.056761
  10 0.817443    249    512 48.6328 0.053458
  11 0.818408    253    512 49.4141 0.050323
  12 0.820240    255    512 49.8047 0.047791
  13 0.819589    259    512 50.5859 0.048659
  14 0.822748    261    512 50.9766 0.047478
  15 0.822724    263    512 51.3672 0.047936
  16 0.823230    265    512 51.7578 0.046393  <-train
  17 0.822724    268    512 52.3438 0.044536
  18 0.823013    268    512 52.3438 0.045886
  19 0.824677    268    512 52.3438 0.045718
  20 0.823471    268    512 52.3438 0.046055
  21 0.824580    270    512 52.7344 0.048804
  22 0.824388    270    512 52.7344 0.045742
  23 0.824436    270    512 52.7344 0.043427
  24 0.823640    270    512 52.7344 0.043861
  25 0.824484    271    512 52.9297 0.045573
  26 0.825955    271    512 52.9297 0.044416
  27 0.826051    272    512 53.1250 0.045838
  28 0.826485    272    512 53.1250 0.045983
  29 0.825256    272    512 53.1250 0.045187
  30 0.826992    273    512 53.3203 0.045790
  31 0.824412    273    512 53.3203 0.044657
  32 0.825256    273    512 53.3203 0.044633
  33 0.828029    273    512 53.3203 0.044488
  34 0.826124    273    512 53.3203 0.044994
  35 0.826148    273    512 53.3203 0.045910
  36 0.823881    273    512 53.3203 0.045235
  37 0.827136    273    512 53.3203 0.044753
  38 0.826244    273    512 53.3203 0.046586
  39 0.825063    274    512 53.5156 0.047502
  40 0.826943    274    512 53.5156 0.045187
  41 0.827980    274    512 53.5156 0.045235
  42 0.824773    274    512 53.5156 0.044078
  43 0.827136    274    512 53.5156 0.045308
  44 0.826992    274    512 53.5156 0.047357
  45 0.825714    274    512 53.5156 0.046586
  46 0.826558    274    512 53.5156 0.045549
  47 0.825931    274    512 53.5156 0.044946
  48 0.826341    274    512 53.5156 0.045091
  49 0.826509    274    512 53.5156 0.045139
  50 0.825810    274    512 53.5156 0.043451
  51 0.826775    274    512 53.5156 0.044657
  52 0.826196    274    512 53.5156 0.043644
  53 0.826726    274    512 53.5156 0.044488
  54 0.827546    274    512 53.5156 0.045259
  55 0.824701    274    512 53.5156 0.045959
  56 0.825497    274    512 53.5156 0.046610
  57 0.826437    274    512 53.5156 0.045549
  58 0.825039    274    512 53.5156 0.044319
  59 0.827064    274    512 53.5156 0.045525
  60 0.827763    274    512 53.5156 0.046393
  61 0.826630    274    512 53.5156 0.044994
  62 0.825858    274    512 53.5156 0.044006
  63 0.826341    274    512 53.5156 0.045308
  64 0.827088    274    512 53.5156 0.045983
  65 0.826437    274    512 53.5156 0.045428
  66 0.826702    274    512 53.5156 0.045356
  67 0.827812    274    512 53.5156 0.044753
  68 0.827329    274    512 53.5156 0.044633
  69 0.826124    274    512 53.5156 0.043644
  70 0.826799    274    512 53.5156 0.045983
  71 0.827378    274    512 53.5156 0.045910
  72 0.825786    274    512 53.5156 0.044295
  73 0.827112    274    512 53.5156 0.044416
  74 0.826100    274    512 53.5156 0.045910
  75 0.826509    274    512 53.5156 0.045163
  76 0.825762    274    512 53.5156 0.046320
  77 0.826413    274    512 53.5156 0.045452
  78 0.826172    274    512 53.5156 0.043813
  79 0.826582    274    512 53.5156 0.044946
  80 0.827450    274    512 53.5156 0.045910
  81 0.826196    274    512 53.5156 0.047550
  82 0.825738    274    512 53.5156 0.044681
  83 0.826654    274    512 53.5156 0.045067
  84 0.826124    274    512 53.5156 0.043813
  85 0.827305    274    512 53.5156 0.044416
  86 0.825039    274    512 53.5156 0.047068
  87 0.826606    274    512 53.5156 0.045284
  88 0.827209    274    512 53.5156 0.044922
  89 0.827112    274    512 53.5156 0.046658
  90 0.827353    274    512 53.5156 0.045621
  91 0.828149    275    512 53.7109 0.045428
  92 0.827595    275    512 53.7109 0.047140
  93 0.826751    275    512 53.7109 0.045091
  94 0.828438    275    512 53.7109 0.044223
  95 0.826509    275    512 53.7109 0.045790
  96 0.826389    275    512 53.7109 0.043789
  97 0.826751    275    512 53.7109 0.043547
  98 0.826871    275    512 53.7109 0.045597
  99 0.827016    275    512 53.7109 0.044391
 100 0.827787    275    512 53.7109 0.044367
 101 0.828053    275    512 53.7109 0.045645
 102 0.829065    275    512 53.7109 0.044416
 103 0.827040    275    512 53.7109 0.043113
 104 0.827763    275    512 53.7109 0.044633
 105 0.827884    275    512 53.7109 0.044198
 106 0.826003    275    512 53.7109 0.045549
 107 0.827281    275    512 53.7109 0.044343
 108 0.827353    275    512 53.7109 0.042728
 109 0.826799    275    512 53.7109 0.044608
 110 0.827136    275    512 53.7109 0.044994
 111 0.827570    275    512 53.7109 0.046272
 112 0.826124    275    512 53.7109 0.044391
 113 0.828004    275    512 53.7109 0.045428
 114 0.827498    275    512 53.7109 0.046465
 115 0.826100    275    512 53.7109 0.044078
 116 0.827378    275    512 53.7109 0.044488
 117 0.826485    275    512 53.7109 0.043210
 118 0.827257    275    512 53.7109 0.043451
 119 0.826148    275    512 53.7109 0.044247
 120 0.828800    275    512 53.7109 0.045211
 121 0.826509    275    512 53.7109 0.044753
 122 0.825738    275    512 53.7109 0.046103
 123 0.827329    275    512 53.7109 0.045018
 124 0.829307    275    512 53.7109 0.042173
 125 0.826485    275    512 53.7109 0.043957
 126 0.826389    275    512 53.7109 0.044681
 127 0.827570    275    512 53.7109 0.043933
 128 0.826847    275    512 53.7109 0.046103

# train: seg16 acc=0.823230 exact=265/512 (51.7578%) churn=0.046393
# best_acc [same n=512]: seg124 acc=0.829307 exact=275/512 (53.7109%) churn=0.042173
# best_exact [same n=512]: seg91 acc=0.828149 exact=275/512 (53.7109%) churn=0.045428
# final: seg128 acc=0.826847 exact=275/512 (53.7109%) churn=0.046103
# best-train: exact=+10 percentage_points=+1.9531
