# step=100000 weights=raw segs=128 global_n=2048 elapsed=83.6s partial=False
# lt-kv-stdp-fast-weight-v1:research-pairangle_phase_tau2_r1_unrotated_dca1_swiglu_bf16_ng24_qkl2_sum; per segment 0+8 blocks (no-grad+grad); train segments=16
# seg acc exact n exact_percent churn
   1 0.549057      0   2048 0.0000 0.000000
   2 0.664599     52   2048 2.5391 0.395749
   3 0.707339    103   2048 5.0293 0.199171
   4 0.735569    245   2048 11.9629 0.138696
   5 0.750760    396   2048 19.3359 0.097891
   6 0.759959    507   2048 24.7559 0.077902
   7 0.764498    581   2048 28.3691 0.067980
   8 0.768519    619   2048 30.2246 0.061837
   9 0.770249    649   2048 31.6895 0.058473
  10 0.773528    670   2048 32.7148 0.056550
  11 0.774523    691   2048 33.7402 0.054103
  12 0.775885    703   2048 34.3262 0.053205
  13 0.776355    710   2048 34.6680 0.050968
  14 0.776590    719   2048 35.1074 0.051818
  15 0.777645    725   2048 35.4004 0.051704
  16 0.776681    732   2048 35.7422 0.050251  <-train
  17 0.777717    734   2048 35.8398 0.048774
  18 0.778266    739   2048 36.0840 0.049793
  19 0.778869    742   2048 36.2305 0.048888
  20 0.779532    745   2048 36.3770 0.049449
  21 0.779050    747   2048 36.4746 0.049732
  22 0.779454    750   2048 36.6211 0.049485
  23 0.779833    752   2048 36.7188 0.049931
  24 0.779821    754   2048 36.8164 0.048460
  25 0.780141    754   2048 36.8164 0.048280
  26 0.779749    755   2048 36.8652 0.048738
  27 0.780177    755   2048 36.8652 0.048521
  28 0.780653    756   2048 36.9141 0.049033
  29 0.780352    759   2048 37.0605 0.048798
  30 0.779821    759   2048 37.0605 0.048418
  31 0.781135    760   2048 37.1094 0.048165
  32 0.781093    761   2048 37.1582 0.048575
  33 0.780949    761   2048 37.1582 0.048255
  34 0.780551    762   2048 37.2070 0.048014
  35 0.781280    763   2048 37.2559 0.048762
  36 0.781648    764   2048 37.3047 0.048388
  37 0.781793    766   2048 37.4023 0.048557
  38 0.780738    768   2048 37.5000 0.048075
  39 0.781829    768   2048 37.5000 0.048352
  40 0.781509    769   2048 37.5488 0.048322
  41 0.780894    769   2048 37.5488 0.048720
  42 0.781443    770   2048 37.5977 0.047128
  43 0.781401    771   2048 37.6465 0.047960
  44 0.782233    771   2048 37.6465 0.047924
  45 0.782070    771   2048 37.6465 0.047773
  46 0.781600    772   2048 37.6953 0.047629
  47 0.781913    772   2048 37.6953 0.047327
  48 0.781099    772   2048 37.6953 0.047761
  49 0.780979    772   2048 37.6953 0.047508
  50 0.782004    772   2048 37.6953 0.048708
  51 0.781913    772   2048 37.6953 0.048503
  52 0.781431    772   2048 37.6953 0.047870
  53 0.781883    773   2048 37.7441 0.048183
  54 0.780955    773   2048 37.7441 0.048304
  55 0.781985    773   2048 37.7441 0.047671
  56 0.781606    773   2048 37.7441 0.047243
  57 0.781202    773   2048 37.7441 0.048406
  58 0.781160    773   2048 37.7441 0.047635
  59 0.781395    773   2048 37.7441 0.048509
  60 0.781678    773   2048 37.7441 0.047948
  61 0.781557    774   2048 37.7930 0.047827
  62 0.781057    774   2048 37.7930 0.046977
  63 0.781395    774   2048 37.7930 0.047610
  64 0.781883    774   2048 37.7930 0.048352
  65 0.781937    774   2048 37.7930 0.048129
  66 0.782492    777   2048 37.9395 0.047279
  67 0.782377    777   2048 37.9395 0.046833
  68 0.782389    777   2048 37.9395 0.046652
  69 0.781919    777   2048 37.9395 0.047996
  70 0.781780    777   2048 37.9395 0.048123
  71 0.782353    777   2048 37.9395 0.047062
  72 0.782076    777   2048 37.9395 0.047894
  73 0.781955    777   2048 37.9395 0.047399
  74 0.782064    777   2048 37.9395 0.047592
  75 0.783372    777   2048 37.9395 0.047996
  76 0.782618    777   2048 37.9395 0.047954
  77 0.782582    777   2048 37.9395 0.046676
  78 0.782606    777   2048 37.9395 0.046917
  79 0.782353    777   2048 37.9395 0.047466
  80 0.782721    778   2048 37.9883 0.046399
  81 0.782305    780   2048 38.0859 0.048340
  82 0.783342    780   2048 38.0859 0.047219
  83 0.782474    780   2048 38.0859 0.047339
  84 0.783691    781   2048 38.1348 0.046459
  85 0.782287    781   2048 38.1348 0.046827
  86 0.782691    782   2048 38.1836 0.047671
  87 0.783523    782   2048 38.1836 0.047363
  88 0.784348    783   2048 38.2324 0.046803
  89 0.783203    784   2048 38.2812 0.047490
  90 0.783505    784   2048 38.2812 0.046766
  91 0.783818    784   2048 38.2812 0.046839
  92 0.783619    784   2048 38.2812 0.047128
  93 0.782685    784   2048 38.2812 0.046851
  94 0.783444    785   2048 38.3301 0.046785
  95 0.782908    785   2048 38.3301 0.046640
  96 0.783161    785   2048 38.3301 0.047399
  97 0.784367    785   2048 38.3301 0.047767
  98 0.783161    785   2048 38.3301 0.047038
  99 0.783866    785   2048 38.3301 0.046712
 100 0.783987    785   2048 38.3301 0.046785
 101 0.783330    785   2048 38.3301 0.047912
 102 0.782823    785   2048 38.3301 0.047116
 103 0.784029    785   2048 38.3301 0.045995
 104 0.783945    785   2048 38.3301 0.045947
 105 0.783288    786   2048 38.3789 0.047381
 106 0.783173    786   2048 38.3789 0.047225
 107 0.784198    786   2048 38.3789 0.046911
 108 0.784047    786   2048 38.3789 0.046851
 109 0.783221    786   2048 38.3789 0.047188
 110 0.783547    786   2048 38.3789 0.047038
 111 0.784113    786   2048 38.3789 0.046489
 112 0.784029    788   2048 38.4766 0.047418
 113 0.784373    788   2048 38.4766 0.046742
 114 0.785036    788   2048 38.4766 0.046754
 115 0.783981    788   2048 38.4766 0.046984
 116 0.784535    788   2048 38.4766 0.047201
 117 0.783703    788   2048 38.4766 0.046405
 118 0.783902    788   2048 38.4766 0.046495
 119 0.784445    788   2048 38.4766 0.047182
 120 0.783432    788   2048 38.4766 0.047345
 121 0.784336    788   2048 38.4766 0.046923
 122 0.784565    788   2048 38.4766 0.047068
 123 0.784101    788   2048 38.4766 0.046947
 124 0.783945    788   2048 38.4766 0.047791
 125 0.784330    789   2048 38.5254 0.047689
 126 0.784644    789   2048 38.5254 0.046682
 127 0.783734    789   2048 38.5254 0.046007
 128 0.783963    789   2048 38.5254 0.046429

# train: seg16 acc=0.776681 exact=732/2048 (35.7422%) churn=0.050251
# best_acc [same n=2048]: seg114 acc=0.785036 exact=788/2048 (38.4766%) churn=0.046754
# best_exact [same n=2048]: seg125 acc=0.784330 exact=789/2048 (38.5254%) churn=0.047689
# final: seg128 acc=0.783963 exact=789/2048 (38.5254%) churn=0.046429
# best-train: exact=+57 percentage_points=+2.7832
