# step=100000 weights=raw segs=128 global_n=2048 elapsed=83.6s partial=False
# lt-kv-stdp-fast-weight-v1:research-pairangle_phase_tau2_r1_unrotated_dca1_swiglu_bf16_ng24_qkl2_sum; per segment 0+8 blocks (no-grad+grad); train segments=16
# seg acc exact n exact_percent churn
   1 0.590965      0   2048 0.0000 0.000000
   2 0.695433     54   2048 2.6367 0.339386
   3 0.761918    213   2048 10.4004 0.212879
   4 0.792704    513   2048 25.0488 0.123204
   5 0.812524    724   2048 35.3516 0.088801
   6 0.823393    871   2048 42.5293 0.071554
   7 0.828077    958   2048 46.7773 0.062018
   8 0.832309   1003   2048 48.9746 0.057557
   9 0.836064   1029   2048 50.2441 0.054820
  10 0.838180   1056   2048 51.5625 0.052915
  11 0.839735   1076   2048 52.5391 0.049998
  12 0.840477   1086   2048 53.0273 0.049666
  13 0.841224   1095   2048 53.4668 0.049130
  14 0.842707   1109   2048 54.1504 0.048810
  15 0.842900   1116   2048 54.4922 0.048249
  16 0.843207   1121   2048 54.7363 0.047201  <-train
  17 0.843611   1128   2048 55.0781 0.046218
  18 0.843509   1130   2048 55.1758 0.046827
  19 0.844214   1131   2048 55.2246 0.046338
  20 0.843925   1134   2048 55.3711 0.046393
  21 0.845245   1136   2048 55.4688 0.047098
  22 0.843690   1138   2048 55.5664 0.046164
  23 0.845432   1139   2048 55.6152 0.045048
  24 0.843551   1140   2048 55.6641 0.045585
  25 0.844950   1142   2048 55.7617 0.046525
  26 0.845486   1142   2048 55.7617 0.046007
  27 0.845402   1144   2048 55.8594 0.045754
  28 0.846276   1145   2048 55.9082 0.045247
  29 0.845842   1145   2048 55.9082 0.045573
  30 0.845818   1147   2048 56.0059 0.045229
  31 0.845830   1147   2048 56.0059 0.045000
  32 0.845390   1149   2048 56.1035 0.045489
  33 0.846800   1151   2048 56.2012 0.045693
  34 0.846209   1151   2048 56.2012 0.045314
  35 0.845709   1152   2048 56.2500 0.045272
  36 0.846378   1152   2048 56.2500 0.045633
  37 0.847017   1153   2048 56.2988 0.044289
  38 0.845890   1154   2048 56.3477 0.045054
  39 0.846656   1155   2048 56.3965 0.045651
  40 0.847192   1155   2048 56.3965 0.044771
  41 0.846993   1156   2048 56.4453 0.045452
  42 0.846915   1156   2048 56.4453 0.044271
  43 0.847385   1156   2048 56.4453 0.045278
  44 0.847023   1156   2048 56.4453 0.044964
  45 0.847246   1157   2048 56.4941 0.045350
  46 0.847114   1158   2048 56.5430 0.044988
  47 0.846656   1159   2048 56.5918 0.043879
  48 0.847228   1159   2048 56.5918 0.044373
  49 0.846927   1159   2048 56.5918 0.044874
  50 0.847355   1159   2048 56.5918 0.043849
  51 0.847554   1159   2048 56.5918 0.044060
  52 0.846752   1159   2048 56.5918 0.044536
  53 0.847704   1159   2048 56.5918 0.044711
  54 0.847909   1162   2048 56.7383 0.044036
  55 0.847120   1162   2048 56.7383 0.043963
  56 0.847481   1163   2048 56.7871 0.044018
  57 0.847717   1163   2048 56.7871 0.044319
  58 0.848120   1165   2048 56.8848 0.044030
  59 0.848645   1165   2048 56.8848 0.044024
  60 0.847934   1167   2048 56.9824 0.044524
  61 0.849163   1167   2048 56.9824 0.044403
  62 0.848301   1168   2048 57.0312 0.044566
  63 0.849133   1168   2048 57.0312 0.044229
  64 0.848669   1168   2048 57.0312 0.044367
  65 0.848681   1168   2048 57.0312 0.044645
  66 0.848343   1168   2048 57.0312 0.044168
  67 0.849115   1168   2048 57.0312 0.043463
  68 0.848898   1168   2048 57.0312 0.043716
  69 0.849362   1169   2048 57.0801 0.043873
  70 0.848699   1170   2048 57.1289 0.044096
  71 0.848452   1170   2048 57.1289 0.044385
  72 0.849477   1170   2048 57.1289 0.043668
  73 0.849187   1170   2048 57.1289 0.043349
  74 0.849085   1170   2048 57.1289 0.044036
  75 0.849019   1171   2048 57.1777 0.043566
  76 0.849055   1172   2048 57.2266 0.044422
  77 0.849489   1172   2048 57.2266 0.044120
  78 0.848687   1173   2048 57.2754 0.043047
  79 0.848633   1173   2048 57.2754 0.043668
  80 0.849736   1175   2048 57.3730 0.043481
  81 0.848808   1175   2048 57.3730 0.044524
  82 0.849441   1175   2048 57.3730 0.043650
  83 0.850116   1175   2048 57.3730 0.043752
  84 0.849519   1175   2048 57.3730 0.042957
  85 0.849700   1175   2048 57.3730 0.043222
  86 0.849260   1176   2048 57.4219 0.044584
  87 0.849362   1176   2048 57.4219 0.044042
  88 0.850483   1177   2048 57.4707 0.043415
  89 0.848898   1177   2048 57.4707 0.044355
  90 0.849857   1177   2048 57.4707 0.043529
  91 0.850224   1178   2048 57.5195 0.043113
  92 0.850068   1178   2048 57.5195 0.043572
  93 0.849296   1178   2048 57.5195 0.043270
  94 0.849404   1178   2048 57.5195 0.043144
  95 0.850037   1178   2048 57.5195 0.044385
  96 0.849380   1179   2048 57.5684 0.042806
  97 0.849706   1179   2048 57.5684 0.043071
  98 0.849863   1179   2048 57.5684 0.043945
  99 0.849790   1180   2048 57.6172 0.043252
 100 0.850604   1180   2048 57.6172 0.042945
 101 0.849917   1180   2048 57.6172 0.044283
 102 0.849929   1180   2048 57.6172 0.043168
 103 0.849971   1180   2048 57.6172 0.042583
 104 0.849977   1180   2048 57.6172 0.043644
 105 0.850785   1180   2048 57.6172 0.043077
 106 0.849754   1180   2048 57.6172 0.043517
 107 0.849959   1180   2048 57.6172 0.043433
 108 0.850676   1180   2048 57.6172 0.042981
 109 0.850007   1180   2048 57.6172 0.043270
 110 0.850291   1180   2048 57.6172 0.043499
 111 0.850827   1180   2048 57.6172 0.044060
 112 0.849772   1180   2048 57.6172 0.043463
 113 0.850833   1181   2048 57.6660 0.043288
 114 0.850447   1182   2048 57.7148 0.044108
 115 0.849826   1182   2048 57.7148 0.043451
 116 0.849869   1182   2048 57.7148 0.042999
 117 0.850339   1182   2048 57.7148 0.043379
 118 0.850640   1182   2048 57.7148 0.043041
 119 0.850230   1182   2048 57.7148 0.043282
 120 0.850508   1182   2048 57.7148 0.042553
 121 0.850254   1182   2048 57.7148 0.043367
 122 0.850658   1182   2048 57.7148 0.042981
 123 0.850339   1182   2048 57.7148 0.043632
 124 0.850767   1183   2048 57.7637 0.042065
 125 0.849971   1183   2048 57.7637 0.042034
 126 0.850170   1184   2048 57.8125 0.042878
 127 0.850248   1184   2048 57.8125 0.042149
 128 0.850321   1184   2048 57.8125 0.043939

# train: seg16 acc=0.843207 exact=1121/2048 (54.7363%) churn=0.047201
# best_acc [same n=2048]: seg113 acc=0.850833 exact=1181/2048 (57.6660%) churn=0.043288
# best_exact [same n=2048]: seg126 acc=0.850170 exact=1184/2048 (57.8125%) churn=0.042878
# final: seg128 acc=0.850321 exact=1184/2048 (57.8125%) churn=0.043939
# best-train: exact=+63 percentage_points=+3.0762
