# step=100000 weights=raw segs=128 global_n=512 elapsed=20.7s partial=False
# lt-kv-stdp-fast-weight-v1:research-pairangle_phase_tau2_r2_unrotated_dca1_swiglu_bf16_qkl2_sum; per segment 0+8 blocks (no-grad+grad); train segments=16
# seg acc exact n exact_percent churn
   1 0.716242     13    512 2.5391 0.000000
   2 0.773968     79    512 15.4297 0.189429
   3 0.800540    178    512 34.7656 0.123891
   4 0.813730    219    512 42.7734 0.101972
   5 0.819661    245    512 47.8516 0.091893
   6 0.822000    251    512 49.0234 0.087794
   7 0.829403    260    512 50.7812 0.085600
   8 0.834033    269    512 52.5391 0.081019
   9 0.834322    273    512 53.3203 0.078511
  10 0.833623    274    512 53.5156 0.077787
  11 0.835696    284    512 55.4688 0.076341
  12 0.839554    286    512 55.8594 0.075545
  13 0.840905    287    512 56.0547 0.073351
  14 0.840519    291    512 56.8359 0.072651
  15 0.843268    296    512 57.8125 0.072603
  16 0.842930    298    512 58.2031 0.070433  <-train
  17 0.842496    300    512 58.5938 0.071253
  18 0.847295    301    512 58.7891 0.071398
  19 0.846161    302    512 58.9844 0.068890
  20 0.846065    304    512 59.3750 0.067106
  21 0.849875    306    512 59.7656 0.068962
  22 0.848741    306    512 59.7656 0.067877
  23 0.845703    306    512 59.7656 0.063513
  24 0.847078    306    512 59.7656 0.067057
  25 0.850502    307    512 59.9609 0.068094
  26 0.848548    308    512 60.1562 0.065996
  27 0.848621    308    512 60.1562 0.069203
  28 0.849537    308    512 60.1562 0.066575
  29 0.848187    309    512 60.3516 0.065948
  30 0.848814    309    512 60.3516 0.063392
  31 0.850598    309    512 60.3516 0.061535
  32 0.848790    309    512 60.3516 0.064333
  33 0.850839    310    512 60.5469 0.065297
  34 0.850357    310    512 60.5469 0.062958
  35 0.849537    311    512 60.7422 0.064188
  36 0.851538    311    512 60.7422 0.063489
  37 0.851562    311    512 60.7422 0.063633
  38 0.850646    312    512 60.9375 0.063947
  39 0.852165    312    512 60.9375 0.066141
  40 0.852599    312    512 60.9375 0.064477
  41 0.851659    313    512 61.1328 0.063127
  42 0.851755    313    512 61.1328 0.065249
  43 0.850743    313    512 61.1328 0.063947
  44 0.851370    313    512 61.1328 0.066213
  45 0.854022    314    512 61.3281 0.062162
  46 0.852382    314    512 61.3281 0.064525
  47 0.850743    314    512 61.3281 0.063923
  48 0.851056    315    512 61.5234 0.063585
  49 0.852744    316    512 61.7188 0.062138
  50 0.852551    316    512 61.7188 0.061897
  51 0.855252    316    512 61.7188 0.063151
  52 0.853974    316    512 61.7188 0.065345
  53 0.851442    316    512 61.7188 0.066093
  54 0.851972    316    512 61.7188 0.066840
  55 0.854962    316    512 61.7188 0.063802
  56 0.852961    317    512 61.9141 0.061560
  57 0.855035    317    512 61.9141 0.062428
  58 0.854697    317    512 61.9141 0.062693
  59 0.853347    317    512 61.9141 0.064598
  60 0.853877    317    512 61.9141 0.066406
  61 0.854118    319    512 62.3047 0.061849
  62 0.855806    319    512 62.3047 0.062283
  63 0.855300    319    512 62.3047 0.063440
  64 0.856626    320    512 62.5000 0.062813
  65 0.855469    320    512 62.5000 0.063151
  66 0.857832    321    512 62.6953 0.062982
  67 0.856409    321    512 62.6953 0.061680
  68 0.857759    322    512 62.8906 0.061126
  69 0.857880    322    512 62.8906 0.062765
  70 0.855421    322    512 62.8906 0.061753
  71 0.856698    322    512 62.8906 0.059727
  72 0.856337    322    512 62.8906 0.061897
  73 0.858603    322    512 62.8906 0.062042
  74 0.858193    323    512 63.0859 0.061511
  75 0.855541    323    512 63.0859 0.059799
  76 0.856674    323    512 63.0859 0.060523
  77 0.858362    323    512 63.0859 0.060306
  78 0.857422    323    512 63.0859 0.061343
  79 0.859785    323    512 63.0859 0.062259
  80 0.857181    323    512 63.0859 0.060860
  81 0.859158    323    512 63.0859 0.061463
  82 0.859520    324    512 63.2812 0.061246
  83 0.858845    324    512 63.2812 0.059944
  84 0.857832    324    512 63.2812 0.058666
  85 0.857253    324    512 63.2812 0.057629
  86 0.860340    324    512 63.2812 0.061126
  87 0.860991    324    512 63.2812 0.059004
  88 0.860412    325    512 63.4766 0.059703
  89 0.857157    326    512 63.6719 0.062211
  90 0.860918    326    512 63.6719 0.058690
  91 0.860412    326    512 63.6719 0.059172
  92 0.859254    326    512 63.6719 0.060137
  93 0.858893    326    512 63.6719 0.059848
  94 0.861063    326    512 63.6719 0.059245
  95 0.859062    326    512 63.6719 0.056351
  96 0.861617    326    512 63.6719 0.059148
  97 0.859616    326    512 63.6719 0.059462
  98 0.861280    326    512 63.6719 0.058208
  99 0.858459    326    512 63.6719 0.059703
 100 0.859279    326    512 63.6719 0.059124
 101 0.859086    326    512 63.6719 0.056520
 102 0.860340    326    512 63.6719 0.059269
 103 0.859930    326    512 63.6719 0.058690
 104 0.857301    326    512 63.6719 0.060836
 105 0.861545    326    512 63.6719 0.059414
 106 0.859978    326    512 63.6719 0.058497
 107 0.859254    326    512 63.6719 0.061053
 108 0.859351    326    512 63.6719 0.058618
 109 0.859833    326    512 63.6719 0.060981
 110 0.862220    326    512 63.6719 0.059365
 111 0.860026    326    512 63.6719 0.058184
 112 0.858410    326    512 63.6719 0.059221
 113 0.859930    326    512 63.6719 0.058546
 114 0.861593    326    512 63.6719 0.059052
 115 0.859857    328    512 64.0625 0.056834
 116 0.860557    328    512 64.0625 0.059052
 117 0.863233    328    512 64.0625 0.058304
 118 0.863812    329    512 64.2578 0.059534
 119 0.860605    329    512 64.2578 0.061053
 120 0.861569    329    512 64.2578 0.058980
 121 0.862775    330    512 64.4531 0.056858
 122 0.863233    330    512 64.4531 0.055797
 123 0.862052    330    512 64.4531 0.058063
 124 0.861328    330    512 64.4531 0.058763
 125 0.863281    330    512 64.4531 0.060137
 126 0.863088    330    512 64.4531 0.060426
 127 0.863329    330    512 64.4531 0.060981
 128 0.861521    330    512 64.4531 0.061970

# train: seg16 acc=0.842930 exact=298/512 (58.2031%) churn=0.070433
# best_acc [same n=512]: seg118 acc=0.863812 exact=329/512 (64.2578%) churn=0.059534
# best_exact [same n=512]: seg121 acc=0.862775 exact=330/512 (64.4531%) churn=0.056858
# final: seg128 acc=0.861521 exact=330/512 (64.4531%) churn=0.061970
# best-train: exact=+32 percentage_points=+6.2500
