# step=100000 weights=raw segs=128 global_n=512 elapsed=20.3s partial=False
# lt-kv-stdp-fast-weight-v1:research-pairangle_phase_tau2_r2_unrotated_dca1_swiglu_bf16_qkl2_sum; per segment 0+8 blocks (no-grad+grad); train segments=16
# seg acc exact n exact_percent churn
   1 0.688079     13    512 2.5391 0.000000
   2 0.725815     50    512 9.7656 0.194854
   3 0.746817    105    512 20.5078 0.120539
   4 0.758198    144    512 28.1250 0.093895
   5 0.765890    160    512 31.2500 0.084925
   6 0.771099    182    512 35.5469 0.077980
   7 0.774836    193    512 37.6953 0.074725
   8 0.775342    199    512 38.8672 0.068528
   9 0.776837    202    512 39.4531 0.069951
  10 0.777344    203    512 39.6484 0.067226
  11 0.778959    202    512 39.4531 0.068263
  12 0.779225    202    512 39.4531 0.067274
  13 0.776186    203    512 39.6484 0.067395
  14 0.779610    204    512 39.8438 0.066165
  15 0.776452    204    512 39.8438 0.063682
  16 0.780671    205    512 40.0391 0.065900  <-train
  17 0.780213    206    512 40.2344 0.063706
  18 0.783131    209    512 40.8203 0.066406
  19 0.781346    210    512 41.0156 0.064260
  20 0.782697    210    512 41.0156 0.066045
  21 0.780382    210    512 41.0156 0.064116
  22 0.783010    210    512 41.0156 0.062404
  23 0.780912    211    512 41.2109 0.061849
  24 0.781033    212    512 41.4062 0.061897
  25 0.780575    212    512 41.4062 0.062596
  26 0.781901    214    512 41.7969 0.060016
  27 0.781732    214    512 41.7969 0.063296
  28 0.785397    215    512 41.9922 0.059365
  29 0.782866    215    512 41.9922 0.060957
  30 0.784867    214    512 41.7969 0.061198
  31 0.783975    214    512 41.7969 0.061728
  32 0.781371    214    512 41.7969 0.060523
  33 0.782190    214    512 41.7969 0.059197
  34 0.782094    214    512 41.7969 0.062428
  35 0.782793    214    512 41.7969 0.060764
  36 0.784481    214    512 41.7969 0.059920
  37 0.782504    214    512 41.7969 0.060547
  38 0.783541    216    512 42.1875 0.060330
  39 0.787616    218    512 42.5781 0.060547
  40 0.788532    221    512 43.1641 0.057581
  41 0.787881    221    512 43.1641 0.057195
  42 0.787495    221    512 43.1641 0.056809
  43 0.786024    221    512 43.1641 0.058063
  44 0.787857    221    512 43.1641 0.058763
  45 0.786555    221    512 43.1641 0.056472
  46 0.786145    221    512 43.1641 0.055773
  47 0.787206    222    512 43.3594 0.056279
  48 0.786241    222    512 43.3594 0.058039
  49 0.787809    222    512 43.3594 0.057051
  50 0.788990    222    512 43.3594 0.058208
  51 0.786290    222    512 43.3594 0.057846
  52 0.787833    222    512 43.3594 0.058136
  53 0.786193    222    512 43.3594 0.056544
  54 0.787495    222    512 43.3594 0.059100
  55 0.787085    222    512 43.3594 0.057653
  56 0.787640    222    512 43.3594 0.057653
  57 0.789424    223    512 43.5547 0.059510
  58 0.787037    223    512 43.5547 0.057316
  59 0.787809    223    512 43.5547 0.059341
  60 0.787278    223    512 43.5547 0.056906
  61 0.788219    223    512 43.5547 0.060499
  62 0.786603    223    512 43.5547 0.057123
  63 0.785301    223    512 43.5547 0.058160
  64 0.788098    223    512 43.5547 0.056761
  65 0.788821    223    512 43.5547 0.057292
  66 0.787302    223    512 43.5547 0.059389
  67 0.786941    223    512 43.5547 0.058497
  68 0.788773    223    512 43.5547 0.057919
  69 0.789038    223    512 43.5547 0.055845
  70 0.788628    223    512 43.5547 0.055845
  71 0.790316    223    512 43.5547 0.057147
  72 0.787592    224    512 43.7500 0.056617
  73 0.788821    224    512 43.7500 0.057412
  74 0.787495    224    512 43.7500 0.058329
  75 0.790823    224    512 43.7500 0.057967
  76 0.785639    224    512 43.7500 0.055773
  77 0.789641    224    512 43.7500 0.057147
  78 0.787182    224    512 43.7500 0.057099
  79 0.788725    224    512 43.7500 0.057075
  80 0.788074    224    512 43.7500 0.055676
  81 0.786916    224    512 43.7500 0.054760
  82 0.789014    224    512 43.7500 0.058063
  83 0.787037    224    512 43.7500 0.057051
  84 0.787399    224    512 43.7500 0.055773
  85 0.788436    224    512 43.7500 0.056617
  86 0.788194    224    512 43.7500 0.056785
  87 0.786748    224    512 43.7500 0.056665
  88 0.786748    224    512 43.7500 0.056641
  89 0.787736    224    512 43.7500 0.056592
  90 0.788725    224    512 43.7500 0.056641
  91 0.787664    224    512 43.7500 0.057147
  92 0.788484    224    512 43.7500 0.056062
  93 0.786651    224    512 43.7500 0.055797
  94 0.786772    224    512 43.7500 0.058087
  95 0.788122    224    512 43.7500 0.057075
  96 0.787375    224    512 43.7500 0.059269
  97 0.787712    224    512 43.7500 0.058618
  98 0.786193    224    512 43.7500 0.057051
  99 0.787230    224    512 43.7500 0.057243
 100 0.788460    224    512 43.7500 0.056399
 101 0.787471    224    512 43.7500 0.058280
 102 0.786941    224    512 43.7500 0.057485
 103 0.788026    224    512 43.7500 0.057726
 104 0.786555    224    512 43.7500 0.057075
 105 0.788773    224    512 43.7500 0.059341
 106 0.787254    224    512 43.7500 0.058208
 107 0.787037    224    512 43.7500 0.060354
 108 0.788580    224    512 43.7500 0.055990
 109 0.787230    224    512 43.7500 0.056038
 110 0.790702    224    512 43.7500 0.057822
 111 0.787664    224    512 43.7500 0.056255
 112 0.787688    224    512 43.7500 0.057195
 113 0.787037    224    512 43.7500 0.056737
 114 0.790075    225    512 43.9453 0.057436
 115 0.789448    225    512 43.9453 0.057677
 116 0.788797    225    512 43.9453 0.059076
 117 0.787447    225    512 43.9453 0.057075
 118 0.789593    225    512 43.9453 0.058594
 119 0.789521    225    512 43.9453 0.057460
 120 0.787399    225    512 43.9453 0.056809
 121 0.787592    225    512 43.9453 0.057533
 122 0.790823    225    512 43.9453 0.056086
 123 0.789738    225    512 43.9453 0.058883
 124 0.788821    225    512 43.9453 0.055266
 125 0.787977    225    512 43.9453 0.056424
 126 0.787953    225    512 43.9453 0.056134
 127 0.788243    225    512 43.9453 0.057268
 128 0.787109    225    512 43.9453 0.058256

# train: seg16 acc=0.780671 exact=205/512 (40.0391%) churn=0.065900
# best_acc [same n=512]: seg122 acc=0.790823 exact=225/512 (43.9453%) churn=0.056086
# best_exact [same n=512]: seg114 acc=0.790075 exact=225/512 (43.9453%) churn=0.057436
# final: seg128 acc=0.787109 exact=225/512 (43.9453%) churn=0.058256
# best-train: exact=+20 percentage_points=+3.9062
