# step=100000 weights=raw segs=128 global_n=2048 elapsed=81.9s partial=False
# lt-kv-stdp-fast-weight-v1:research-pairangle_phase_tau2_r2_unrotated_dca1_swiglu_bf16_qkl2_sum; per segment 0+8 blocks (no-grad+grad); train segments=16
# seg acc exact n exact_percent churn
   1 0.704047     53   2048 2.5879 0.000000
   2 0.746606    241   2048 11.7676 0.189773
   3 0.766252    519   2048 25.3418 0.113299
   4 0.775897    678   2048 33.1055 0.086197
   5 0.782691    744   2048 36.3281 0.077763
   6 0.785403    790   2048 38.5742 0.071681
   7 0.786886    826   2048 40.3320 0.068160
   8 0.789949    841   2048 41.0645 0.066364
   9 0.791124    860   2048 41.9922 0.066581
  10 0.791142    864   2048 42.1875 0.064706
  11 0.793367    872   2048 42.5781 0.064007
  12 0.792716    875   2048 42.7246 0.063808
  13 0.792884    883   2048 43.1152 0.062584
  14 0.794036    887   2048 43.3105 0.062259
  15 0.793433    889   2048 43.4082 0.060511
  16 0.794295    892   2048 43.5547 0.060981  <-train
  17 0.794602    898   2048 43.8477 0.059299
  18 0.795760    906   2048 44.2383 0.059661
  19 0.795338    907   2048 44.2871 0.059227
  20 0.796730    909   2048 44.3848 0.059341
  21 0.795838    911   2048 44.4824 0.058919
  22 0.795700    912   2048 44.5312 0.057991
  23 0.795284    914   2048 44.6289 0.058913
  24 0.795796    917   2048 44.7754 0.058913
  25 0.795706    917   2048 44.7754 0.058907
  26 0.796013    920   2048 44.9219 0.057762
  27 0.796507    923   2048 45.0684 0.057569
  28 0.797478    926   2048 45.2148 0.056381
  29 0.796513    926   2048 45.2148 0.057503
  30 0.797333    926   2048 45.2148 0.057774
  31 0.797767    926   2048 45.2148 0.057901
  32 0.796537    926   2048 45.2148 0.057732
  33 0.796803    926   2048 45.2148 0.055308
  34 0.797146    926   2048 45.2148 0.057032
  35 0.797484    926   2048 45.2148 0.056610
  36 0.797580    926   2048 45.2148 0.055122
  37 0.797767    926   2048 45.2148 0.056954
  38 0.797574    929   2048 45.3613 0.056966
  39 0.799172    931   2048 45.4590 0.056659
  40 0.799286    935   2048 45.6543 0.056430
  41 0.798563    935   2048 45.6543 0.057087
  42 0.798683    936   2048 45.7031 0.056195
  43 0.798370    936   2048 45.7031 0.056803
  44 0.798882    936   2048 45.7031 0.056538
  45 0.798780    937   2048 45.7520 0.056333
  46 0.798509    937   2048 45.7520 0.055483
  47 0.799371    938   2048 45.8008 0.055556
  48 0.798147    938   2048 45.8008 0.056598
  49 0.799130    938   2048 45.8008 0.056984
  50 0.799443    938   2048 45.8008 0.056158
  51 0.798864    938   2048 45.8008 0.056122
  52 0.798894    938   2048 45.8008 0.056815
  53 0.799570    938   2048 45.8008 0.056357
  54 0.798539    938   2048 45.8008 0.057744
  55 0.798708    938   2048 45.8008 0.056737
  56 0.799268    938   2048 45.8008 0.057593
  57 0.799443    939   2048 45.8496 0.056743
  58 0.799612    940   2048 45.8984 0.056315
  59 0.799853    941   2048 45.9473 0.055851
  60 0.799992    941   2048 45.9473 0.055827
  61 0.799811    941   2048 45.9473 0.056357
  62 0.799081    942   2048 45.9961 0.055905
  63 0.798557    943   2048 46.0449 0.056442
  64 0.799570    943   2048 46.0449 0.055869
  65 0.799980    943   2048 46.0449 0.056195
  66 0.800450    943   2048 46.0449 0.056948
  67 0.799762    944   2048 46.0938 0.056285
  68 0.799744    944   2048 46.0938 0.056460
  69 0.799612    945   2048 46.1426 0.055447
  70 0.800715    945   2048 46.1426 0.055628
  71 0.800142    945   2048 46.1426 0.055658
  72 0.799087    946   2048 46.1914 0.056050
  73 0.799654    946   2048 46.1914 0.056508
  74 0.800052    947   2048 46.2402 0.055688
  75 0.800793    947   2048 46.2402 0.055887
  76 0.798708    947   2048 46.2402 0.055537
  77 0.800275    947   2048 46.2402 0.056743
  78 0.798665    947   2048 46.2402 0.055001
  79 0.799582    947   2048 46.2402 0.055586
  80 0.799630    947   2048 46.2402 0.055525
  81 0.798846    947   2048 46.2402 0.054706
  82 0.799304    947   2048 46.2402 0.056737
  83 0.799756    947   2048 46.2402 0.056490
  84 0.799762    947   2048 46.2402 0.055146
  85 0.800058    948   2048 46.2891 0.055109
  86 0.799413    948   2048 46.2891 0.055061
  87 0.799895    948   2048 46.2891 0.055507
  88 0.800040    948   2048 46.2891 0.055761
  89 0.799811    948   2048 46.2891 0.057159
  90 0.800287    948   2048 46.2891 0.054989
  91 0.800239    948   2048 46.2891 0.055622
  92 0.800618    949   2048 46.3379 0.055351
  93 0.798436    949   2048 46.3379 0.055682
  94 0.799775    949   2048 46.3379 0.054935
  95 0.800534    949   2048 46.3379 0.054416
  96 0.800558    949   2048 46.3379 0.055767
  97 0.799612    949   2048 46.3379 0.056580
  98 0.799160    949   2048 46.3379 0.055887
  99 0.800371    949   2048 46.3379 0.056176
 100 0.799829    949   2048 46.3379 0.054796
 101 0.800275    949   2048 46.3379 0.056008
 102 0.800516    949   2048 46.3379 0.055706
 103 0.800377    950   2048 46.3867 0.054935
 104 0.800745    950   2048 46.3867 0.056267
 105 0.800414    950   2048 46.3867 0.055736
 106 0.800359    950   2048 46.3867 0.055525
 107 0.799925    950   2048 46.3867 0.056659
 108 0.800878    950   2048 46.3867 0.055706
 109 0.800564    950   2048 46.3867 0.056182
 110 0.799992    950   2048 46.3867 0.056448
 111 0.799684    950   2048 46.3867 0.055182
 112 0.800504    950   2048 46.3867 0.054531
 113 0.799672    950   2048 46.3867 0.056062
 114 0.800576    951   2048 46.4355 0.055652
 115 0.801625    951   2048 46.4355 0.055785
 116 0.801046    952   2048 46.4844 0.055417
 117 0.800408    952   2048 46.4844 0.055079
 118 0.801016    952   2048 46.4844 0.055712
 119 0.801143    952   2048 46.4844 0.056315
 120 0.799310    952   2048 46.4844 0.055640
 121 0.799606    952   2048 46.4844 0.055537
 122 0.801474    952   2048 46.4844 0.054730
 123 0.800600    952   2048 46.4844 0.055067
 124 0.800329    952   2048 46.4844 0.054030
 125 0.799865    952   2048 46.4844 0.055339
 126 0.801209    953   2048 46.5332 0.056038
 127 0.800811    954   2048 46.5820 0.054513
 128 0.801270    954   2048 46.5820 0.055658

# train: seg16 acc=0.794295 exact=892/2048 (43.5547%) churn=0.060981
# best_acc [same n=2048]: seg115 acc=0.801625 exact=951/2048 (46.4355%) churn=0.055785
# best_exact [same n=2048]: seg127 acc=0.800811 exact=954/2048 (46.5820%) churn=0.054513
# final: seg128 acc=0.801270 exact=954/2048 (46.5820%) churn=0.055658
# best-train: exact=+62 percentage_points=+3.0273
