# step=100000 weights=raw segs=128 global_n=2048 elapsed=81.2s partial=False
# lt-kv-stdp-fast-weight-v1:research-pairangle_phase_tau2_r2_unrotated_dca1_swiglu_bf16_qkl2_sum; per segment 0+8 blocks (no-grad+grad); train segments=16
# seg acc exact n exact_percent churn
   1 0.730408     54   2048 2.6367 0.000000
   2 0.794837    402   2048 19.6289 0.187898
   3 0.818215    790   2048 38.5742 0.116970
   4 0.832797    967   2048 47.2168 0.095040
   5 0.836733   1043   2048 50.9277 0.087240
   6 0.841966   1089   2048 53.1738 0.081236
   7 0.845974   1114   2048 54.3945 0.078601
   8 0.848307   1141   2048 55.7129 0.075786
   9 0.850013   1162   2048 56.7383 0.074056
  10 0.849905   1170   2048 57.1289 0.072893
  11 0.852425   1189   2048 58.0566 0.072838
  12 0.853980   1199   2048 58.5449 0.071988
  13 0.855445   1208   2048 58.9844 0.071187
  14 0.856711   1220   2048 59.5703 0.070228
  15 0.858398   1232   2048 60.1562 0.068920
  16 0.858097   1236   2048 60.3516 0.067009  <-train
  17 0.858465   1249   2048 60.9863 0.066581
  18 0.859248   1253   2048 61.1816 0.067600
  19 0.860436   1256   2048 61.3281 0.066726
  20 0.860231   1261   2048 61.5723 0.065454
  21 0.860840   1263   2048 61.6699 0.065918
  22 0.861816   1265   2048 61.7676 0.065689
  23 0.861630   1269   2048 61.9629 0.063989
  24 0.861208   1272   2048 62.1094 0.064682
  25 0.862335   1274   2048 62.2070 0.064724
  26 0.861129   1276   2048 62.3047 0.064236
  27 0.863583   1277   2048 62.3535 0.065490
  28 0.863125   1280   2048 62.5000 0.063465
  29 0.863486   1284   2048 62.6953 0.063754
  30 0.863745   1284   2048 62.6953 0.063326
  31 0.863788   1284   2048 62.6953 0.061560
  32 0.863661   1286   2048 62.7930 0.062663
  33 0.864662   1289   2048 62.9395 0.063308
  34 0.864830   1291   2048 63.0371 0.061879
  35 0.865307   1294   2048 63.1836 0.063091
  36 0.866108   1297   2048 63.3301 0.061095
  37 0.866440   1299   2048 63.4277 0.062717
  38 0.866536   1302   2048 63.5742 0.061994
  39 0.866458   1302   2048 63.5742 0.061391
  40 0.866006   1302   2048 63.5742 0.062313
  41 0.866693   1305   2048 63.7207 0.061415
  42 0.866428   1307   2048 63.8184 0.061837
  43 0.867826   1308   2048 63.8672 0.062572
  44 0.866717   1310   2048 63.9648 0.060734
  45 0.867845   1312   2048 64.0625 0.058925
  46 0.867730   1312   2048 64.0625 0.060179
  47 0.868532   1313   2048 64.1113 0.060770
  48 0.868743   1316   2048 64.2578 0.060438
  49 0.869104   1320   2048 64.4531 0.059757
  50 0.868502   1320   2048 64.4531 0.059594
  51 0.868580   1322   2048 64.5508 0.059492
  52 0.869068   1322   2048 64.5508 0.060245
  53 0.868550   1322   2048 64.5508 0.061475
  54 0.868212   1322   2048 64.5508 0.060167
  55 0.868899   1322   2048 64.5508 0.060173
  56 0.869406   1323   2048 64.5996 0.058925
  57 0.868845   1325   2048 64.6973 0.059076
  58 0.869532   1326   2048 64.7461 0.057997
  59 0.869822   1328   2048 64.8438 0.058455
  60 0.869942   1328   2048 64.8438 0.060016
  61 0.869207   1330   2048 64.9414 0.058449
  62 0.870009   1330   2048 64.9414 0.059450
  63 0.870250   1330   2048 64.9414 0.059245
  64 0.869671   1332   2048 65.0391 0.058383
  65 0.870238   1332   2048 65.0391 0.058425
  66 0.869942   1334   2048 65.1367 0.058714
  67 0.870039   1334   2048 65.1367 0.057925
  68 0.870750   1335   2048 65.1855 0.058226
  69 0.871208   1335   2048 65.1855 0.058582
  70 0.870364   1336   2048 65.2344 0.058238
  71 0.869774   1336   2048 65.2344 0.057919
  72 0.871389   1336   2048 65.2344 0.058154
  73 0.871775   1336   2048 65.2344 0.058913
  74 0.870997   1337   2048 65.2832 0.058226
  75 0.870183   1339   2048 65.3809 0.057979
  76 0.870654   1339   2048 65.3809 0.058443
  77 0.871467   1339   2048 65.3809 0.059209
  78 0.871184   1339   2048 65.3809 0.058087
  79 0.872372   1341   2048 65.4785 0.059263
  80 0.871757   1342   2048 65.5273 0.058220
  81 0.871926   1342   2048 65.5273 0.058208
  82 0.871480   1343   2048 65.5762 0.058238
  83 0.872534   1344   2048 65.6250 0.057822
  84 0.872372   1344   2048 65.6250 0.057521
  85 0.871944   1345   2048 65.6738 0.057762
  86 0.872444   1345   2048 65.6738 0.059263
  87 0.873131   1346   2048 65.7227 0.057641
  88 0.873324   1347   2048 65.7715 0.057943
  89 0.871257   1348   2048 65.8203 0.057882
  90 0.872975   1348   2048 65.8203 0.055833
  91 0.872655   1348   2048 65.8203 0.056834
  92 0.873342   1348   2048 65.8203 0.057382
  93 0.872384   1348   2048 65.8203 0.057388
  94 0.873601   1348   2048 65.8203 0.057515
  95 0.872052   1348   2048 65.8203 0.057171
  96 0.873589   1348   2048 65.8203 0.056418
  97 0.872480   1348   2048 65.8203 0.056195
  98 0.871962   1348   2048 65.8203 0.055821
  99 0.872402   1348   2048 65.8203 0.057406
 100 0.872064   1348   2048 65.8203 0.056550
 101 0.872794   1349   2048 65.8691 0.055465
 102 0.872336   1349   2048 65.8691 0.056436
 103 0.872709   1349   2048 65.8691 0.056249
 104 0.872498   1350   2048 65.9180 0.056695
 105 0.873794   1350   2048 65.9180 0.057340
 106 0.872872   1350   2048 65.9180 0.057653
 107 0.873143   1350   2048 65.9180 0.057274
 108 0.872890   1350   2048 65.9180 0.057237
 109 0.873059   1350   2048 65.9180 0.057683
 110 0.873933   1350   2048 65.9180 0.057430
 111 0.873589   1350   2048 65.9180 0.057177
 112 0.873668   1350   2048 65.9180 0.057858
 113 0.873149   1350   2048 65.9180 0.057545
 114 0.873957   1350   2048 65.9180 0.057123
 115 0.872667   1352   2048 66.0156 0.057045
 116 0.873113   1352   2048 66.0156 0.056038
 117 0.874210   1352   2048 66.0156 0.057075
 118 0.874337   1353   2048 66.0645 0.057919
 119 0.873342   1353   2048 66.0645 0.058588
 120 0.873312   1353   2048 66.0645 0.057714
 121 0.873475   1354   2048 66.1133 0.056237
 122 0.873722   1354   2048 66.1133 0.056195
 123 0.874265   1354   2048 66.1133 0.056815
 124 0.873324   1354   2048 66.1133 0.058298
 125 0.874638   1354   2048 66.1133 0.058118
 126 0.874271   1354   2048 66.1133 0.057907
 127 0.873855   1354   2048 66.1133 0.058105
 128 0.872824   1354   2048 66.1133 0.058136

# train: seg16 acc=0.858097 exact=1236/2048 (60.3516%) churn=0.067009
# best_acc [same n=2048]: seg125 acc=0.874638 exact=1354/2048 (66.1133%) churn=0.058118
# best_exact [same n=2048]: seg121 acc=0.873475 exact=1354/2048 (66.1133%) churn=0.056237
# final: seg128 acc=0.872824 exact=1354/2048 (66.1133%) churn=0.058136
# best-train: exact=+118 percentage_points=+5.7617
