# ckpt v1.1_step160000.npz  step=160000  weights=ema  gauge=sqrt_d order=pre trace=False
  seg      acc  exact   exact%    churn
    1   0.6837      2     1.56  0.00000
    2   0.7371      2     1.56  0.24417
    4   0.7902     25    19.53  0.09265
    8   0.8225     54    42.19  0.05609
   16   0.8544     74    57.81  0.08093  <-train
   24   0.8654     78    60.94  0.07409
   32   0.8683     83    64.84  0.06628
   48   0.8901     89    69.53  0.06879
   64   0.8967     94    73.44  0.05358
   80   0.9039     96    75.00  0.05888
   96   0.9112     98    76.56  0.04870
  112   0.9126     99    77.34  0.04060
  128   0.9150    100    78.12  0.03767

seg16 74/128 (57.81%)   best 100/128 (78.12%) @seg124   +26   [seg128 기준]
오차 감소율 = 48.1%   (5s)
